q_m	density,	T,
0.0	1.0130861999999998	10094159.0
0.0010011209839237804	1.0796419	10675364.0
0.0020021056267777097	1.170174	11416246.0
0.003003127557541865	1.3203992	12171002.0
0.004004188987564457	1.4293508	12966221.0
0.005005205428084129	1.5895995	13747247.0
0.006006089035190053	1.7399383000000002	14649477.0
0.0070072238209785195	1.9371403000000003	15740864.0
0.008008120009894553	2.1980232999999996	16930825.0
0.009009156123790074	2.444787	18083920.0
0.010010235244600357	2.7365077999999996	19360050.0
0.011011186793480987	3.1139471000000003	20567898.0
0.012012174028950474	3.4678025000000003	21770660.0
0.013013162331967577	3.8959493999999997	23084043.0
0.01401412882651371	4.3389503	24396767.0
0.015015148240915733	4.955057	25839630.0
0.016016113362900663	5.663771499999999	27840812.0
0.017017100979637163	6.296781	29679232.0
0.01801809530667239	7.0082575	31614472.0
0.019019098326594614	7.5224107	33398511.0
0.020020096542552955	8.289235099999999	35194710.0
0.021021094911018143	9.0099027	37184201.0
0.02202209434703084	10.081903	39183382.0
0.023023135569903833	11.397748	41455868.0
0.02402423466910344	12.567967999999999	43782257.0
0.025025099212860693	13.870578	45832751.0
0.02602616399803276	15.329107999999998	48160427.0
0.027027122104705485	17.854958	52082935.0
0.028028109187668234	21.709842000000002	57584028.0
0.029029156739572935	25.924360999999998	62551816.0
0.03003020825665429	30.015811	66336699.0
0.031031160873082424	33.246938	69108112.0
0.03203223854507819	35.459759000000005	71035305.0
0.03303318696756973	38.330505	73588359.0
0.03403419463894898	44.711451000000004	79078293.0
0.0350352324304193	56.621801	87271700.0
0.036036205253997255	72.552162	95122841.0
0.03703714971131226	87.85303499999999	100622760.0
0.038038203973515795	100.49457	104468190.0
0.039039169095500724	112.82363000000001	107640080.0
0.04004022015506164	126.89588	111076040.0
0.04104117139892868	144.67696999999998	115178380.0
0.04204225059599239	166.24942	120033250.0
0.04304324652434887	192.75538	126195100.0
0.04404416238664075	231.8315	134428610.0
0.045045188892608626	296.09289	144902830.0
0.046046163927534904	387.91701	157373440.0
0.04704721056439895	497.90717	169435840.0
0.04804820573022152	633.3404099999999	179989530.0
0.04904917710498485	795.66701	189336090.0
0.0500501579351692	999.82395	197108930.0
0.05105123240452234	1212.2673	204521320.0
0.052052133854922696	1481.4525	210740880.0
0.05305322349870139	1812.4617	215212500.0
0.05405418107160025	2221.7805	216345160.0
0.05505514962498808	2772.9240000000004	213426210.0
0.05605623126216039	3415.0919	208733500.0
0.057057194554063786	4159.8465	202746610.0
0.05805820489431191	5041.5939	198136720.0
0.05905929247924902	5862.1532	193478290.0
0.0600601327744266	6935.7172	189105240.0
0.061061222036938395	7971.7229	184691180.0
0.06206213126518487	9002.8539	180669120.0
0.06306319650787726	10330.782	177560910.0
0.06406425885294062	11312.296999999999	174405270.0
0.06506518683952228	12656.36	171974870.0
0.06606626580782571	13883.207	170420760.0
0.06706721697543944	14930.123	168710330.0
0.06806818125863714	16638.2	166353910.0
0.06906917200176273	17581.345	164944090.0
0.07007024502230147	19187.828999999998	163386330.0
0.07107121982846758	20600.234	160940450.0
0.07207224252176565	21806.467	159318190.0
0.0730731571640033	23300.275	157782630.0
0.074074248942877	25064.495	155898170.0
0.0750752567667631	26518.906000000003	154889880.0
0.07607630691128336	27765.627	153475670.0
0.07707728377629117	28965.37	151853080.0
0.07807827795081955	30615.867000000002	150776500.0
0.07907933312806396	32341.394	150388920.0
0.08008025181173145	33984.518	149781400.0
0.08108126581214253	35570.877	148597200.0
0.08208225495394686	36137.171	148185590.0
0.08308318202548788	38401.382000000005	147304030.0
0.08408420433751894	39432.312000000005	147088070.0
0.08508516030909666	41377.126000000004	146149350.0
0.08608621724016906	43054.344000000005	145769850.0
0.08708727112110559	44418.626	145616010.0
0.08808819430372349	45222.018	144878590.0
0.08908915904444151	47639.72	144356870.0
0.09009021475545957	48412.846	144165070.0
0.09109117309089246	50314.624	144180910.0
0.09209219647047114	51680.389	143344220.0
0.09309316014364155	54442.03400000001	142979830.0
0.09409424887237948	53637.515999999996	142860870.0
0.09509520248010192	56645.585999999996	142285850.0
0.09609623714518303	58946.63	142277430.0
0.09709717702729431	58851.067	141805600.0
0.09809829274973411	60349.482	141364240.0
0.0990992733511583	62176.231	141329940.0
0.1001002209348625	63957.780999999995	141258980.0
0.10110135251800845	66586.562	140650770.0
0.10210218145143027	68051.576	140534670.0
0.1031032144389367	68486.681	140367060.0
0.10410419290526576	68491.709	140129410.0
0.10510528491289975	73275.433	139123290.0
0.10610623966442301	73500.035	139395310.0
0.107107219274553	73245.685	139419920.0
0.10810817204348798	77503.723	138908350.0
0.10910919649061417	78189.55099999999	138910900.0
0.11011028491433862	79380.29	138656580.0
0.11111122357639555	82590.637	138103720.0
0.11211226762064426	81710.339	137903260.0
0.11311324677325382	84164.198	137636160.0
0.11411423530503097	85139.692	137658860.0
0.1151152435864374	89273.756	137853010.0
0.11611624714013338	88204.972	136945750.0
0.11711725077008278	91329.425	136734620.0
0.11811821505328048	89658.33099999999	136851360.0
0.11911919885734717	95408.59800000001	136916810.0
0.12012026997155095	95950.555	136697220.0
0.12112119727185212	97104.744	136383750.0
0.12212219342896878	98202.43800000001	136088350.0
0.12312330922766189	99718.134	136006360.0
0.12412430919744834	103828.74	135933700.0
0.12512531953769646	102098.28	135891750.0
0.1261261857590284	102977.21	135614420.0
0.12712727845294286	108454.39	135617010.0
0.12812822740920826	107709.49	135174850.0
0.12912930096352063	111206.07	135132530.0
0.13013021560575827	109502.1	135003400.0
0.13113121664309224	110349.43	134994340.0
0.13213220746247126	117087.81	134446050.0
0.13313329405611418	118187.41	134788330.0
0.134134317283186	116728.67	134417900.0
0.13513525556397601	120361.24	134497320.0
0.13613623624165352	119996.91	134255910.0
0.13713732039518783	121516.26	134083880.0
0.1381382036972802	124554.63	134173930.0
0.1391392706938007	127913.97	133555420.0
0.1401402169811971	128065.78	133586130.0
0.14114119964146288	126494.34	133427720.0
0.1421422948517395	130123.78	133422470.0
0.14314320202114436	133555.97	133141370.0
0.14414435175259824	132527.18	132904840.0
0.14514524062118847	137215.25	133308520.0
0.14614636549403548	137218.68	132781310.0
0.14714731445030088	137796.86	132951160.0
0.14814825349362482	141245.95	132594400.0
0.14914922486838816	140882.06	132241890.0
0.15015021934793013	144227.92	132318550.0
0.15115124463384363	147480.95	132156670.0
0.15215232207707924	145905.03	132142650.0
0.1531532187235156	148428.8	132068310.0
0.154154222734732	150074.38	131884270.0
0.15515532823921688	150580.26	131333940.0
0.15615629145486706	153747.37	131781860.0
0.1571572944747893	155266.23	131810310.0
0.15815821369223054	155391.47	131410240.0
0.15915930577611784	159369.25	131298700.0
0.16016021553813817	161266.96	131087020.0
0.16116130281806168	164675.18	131272070.0
0.16216225040176588	160852.74	131056460.0
0.16316332151596966	161216.26	131058930.0
0.1641643352876207	167306.04	130600050.0
0.16516529080167786	169178.73	130698260.0
0.1661662646165499	169044.85	130698080.0
0.16716729539270778	171987.44	130575770.0
0.16816825197431257	172536.63	130485470.0
0.16916929937371064	176669.55	130623710.0
0.17017026990968662	176521.72	130244930.0
0.17117124616466725	175784.41	130334180.0
0.17217223423892408	180810.61	130398610.0
0.1731733032942863	181589.92	130193150.0
0.17417428702209956	185201.04	129978460.0
0.17517531772200415	185936.98	129740450.0
0.17617635307336574	182679.54	129925820.0
0.17717728220374834	189440.03	129672800.0
0.17817826318643942	187309.37	129385630.0
0.17917925164196327	193386.43	129706840.0
0.18018030819176867	189149.86	129662030.0
0.1811812343482689	194484.14	129697660.0
0.18218224407848996	197472.01	129172510.0
0.18318338481204324	199524.26	129454490.0
0.18418430288568366	200118.4	129257980.0
0.18518535760540755	201361.14	129367650.0
0.1861862984025596	200809.82	129327050.0
0.18718729211956764	204339.99	129387360.0
0.1881883482118526	204316.52	129109060.0
0.1891893208829237	212671.41	129049690.0
0.19019024986079944	208641.66	128906990.0
0.19119132173753725	208174.51	128898770.0
0.1921922925022734	212898.89	129206590.0
0.1931933556098707	215760.67	128911730.0
0.19419427528483235	213781.33	128861280.0
0.19519536866502743	217873.44	129083000.0
0.19619627659696634	221846.83	128985450.0
0.19719729906150427	225136.16	128839360.0
0.1981983208397617	221629.6	128971170.0
0.19919925675669642	222182.58	128416620.0
0.200200393296313	223412.18	128961800.0
0.20120131922405307	226221.37	128794360.0
0.2022022554460014	228268.52	128777160.0
0.20320327730051224	233072.49	128793480.0
0.2042043430769784	234404.42	128771470.0
0.20520531742562417	233504.04	128484800.0
0.206206366731357	235814.44	128717780.0
0.20720732293169478	238976.63	128587860.0
0.2082083629345135	238858.24	128791710.0
0.20920933751191947	242682.14	128836490.0
0.21021026305839252	236582.22	128760510.0
0.21121136467395427	246063.2	128558120.0
0.21221231500278065	245928.13	128816200.0
0.21321342866637877	250640.1	128784320.0
0.21421438326539538	248482.48	128756360.0
0.21521526122975	255043.59	128661890.0
0.21621631770330196	251909.05	128780040.0
0.21721729037437307	250352.05	128537430.0
0.21821834509409693	257934.95	128792140.0
0.21921935032536757	254401.27	128721530.0
0.22022037789888296	262347.03	128794460.0
0.22122137596233446	261205.68	128790150.0
0.22222231790328742	261251.33	128866470.0
0.2232232786025756	262765.38	128877060.0
0.22422439379124154	267734.88	128708200.0
0.2252253653185117	267063.58	128656600.0
0.22622633539696738	267356.88	129131580.0
0.22722730128148622	271739.53	128871590.0
0.22822835470490252	273732.73	129024370.0
0.22922941133096125	280439.96	128812680.0
0.23023027892485426	272056.82	129196780.0
0.23123134798021647	277247.86	129040550.0
0.23223230074915144	284624.01	128858200.0
0.23323335203747264	280459.52	128925560.0
0.23423432432727673	278174.14	129247680.0
0.2352353300160677	287673.96	129016500.0
0.2362363138201344	282135.98	129055760.0
0.23723728107721445	290822.12	129260550.0
0.23823839840097552	290151.25	129417920.0
0.23923941529901563	286246.3	129022860.0
0.24024031469057427	291846.09	129064630.0
0.24124133890894028	297327.38	129388380.0
0.2422424303065471	300252.33	129556670.0
0.24324334822768068	299258.65	129331240.0
0.244244291388688	302401.13	129392410.0
0.2452453294089185	299730.42	129321290.0
0.2462463707842983	300539.03	129508580.0
0.2472473792182115	304451.17	129546480.0
0.24824835150801558	308135.68	129580500.0
0.24924933005059807	305518.68	129594910.0
0.250250401393562	315559.89	129643640.0
0.25125132266984496	305259.92	129566850.0
0.25225237388191263	314487.53	129884890.0
0.25325333435244063	314605.67	129576900.0
0.25425437397399236	319322.88	129740420.0
0.25525537066488274	321021.41	129997690.0
0.25625637559113984	322996.1	129694920.0
0.2572573579463921	319099.64	129925400.0
0.25825832588975267	321644.38	129782380.0
0.25925930023839844	321004.13	130017470.0
0.26026034916286445	325044.44	129885280.0
0.26126131962258714	336130.14	129869250.0
0.2622623470435956	326572.18	130337010.0
0.2632633698131472	334800.88	130040790.0
0.2642643829747708	334573.8	130251840.0
0.2652653540445206	337345.74	130056130.0
0.2662663918359908	335826.37	130175040.0
0.26726732081386667	340969.63	130252120.0
0.26826836325679404	347249.18	130190970.0
0.2692693396642814	338560.82	130135280.0
0.27027043129064837	343999.85	130316530.0
0.27127134783922086	342824.94	130132860.0
0.2722724483109817	348575.87	130278880.0
0.27327331926002396	349474.73	130367930.0
0.2742743929668432	352751.19	130555700.0
0.27527535374238454	348253.51	130459410.0
0.27627632610844216	358380.35	130576650.0
0.27727741384588594	356438.87	130532450.0
0.27827836592854055	357853.83	130373800.0
0.2792794067701465	363134.24	130520380.0
0.28028032949524395	359711.7	130598600.0
0.2812814248580272	365407.69	130429760.0
0.2822824482376059	362687.36	130581820.0
0.28328338102815154	371585.57	130391340.0
0.28428433997361147	370113.88	130650060.0
0.2852853377320495	371808.39	130755460.0
0.28628641456525794	364999.34	130820490.0
0.2872873895239309	373181.17	130852070.0
0.28828844912387197	378350.72	130515470.0
0.28928941233952216	377934.04	130745210.0
0.29029042321354404	380884.46	130785680.0
0.2912913863529408	376959.35	130852600.0
0.29229245350196803	379752.17	130701460.0
0.2932934162600977	388320.61	130766310.0
0.29429434256910475	389607.9	130797370.0
0.29529546477308316	393049.58	130719430.0
0.29629638765068733	384998.21	130941330.0
0.2972973337093237	389460.71	130918120.0
0.29829845484575446	398801.08	130721910.0
0.2992993527884987	395297.55	130798180.0
0.30030037555805017	399996.96	130979600.0
0.3013014722933946	394680.71	130982050.0
0.30230242986629347	396089.99	130934560.0
0.30330339475951823	398862.44	130905390.0
0.30430435599258016	401370.85	130709970.0
0.30530534902330764	409871.91	131105720.0
0.3063064304317198	403942.2	131154510.0
0.3073074254450355	422488.72	131079130.0
0.30830839758233286	410589.06	131051830.0
0.30930948371845535	414648.87	131223680.0
0.310310448001653	421158.64	130988070.0
0.3113113599750218	413412.09	130984830.0
0.31231239509762326	417355.38	130906100.0
0.31331343189779925	415832.51	130925000.0
0.31431440235752195	417743.72	130937850.0
0.3153153602354344	422600.8	131277090.0
0.3163163666867594	420530.15	131239570.0
0.31731744199489986	431371.89	131042950.0
0.31831848428532045	438763.78	131443170.0
0.3193193600383267	431671.83	131094480.0
0.32032037602132607	433598.48	131129780.0
0.32132141465158376	440555.23	131354050.0
0.3223223726820029	433781.21	131401950.0
0.32332346712974563	432268.94	131194770.0
0.324324428667821	437740.36	131113920.0
0.32532545433500143	434666.22	131199000.0
0.32632637446748347	455597.63	131078440.0
0.3273273758860844	444013.32	131492380.0
0.32832837943978027	455529.62	131128280.0
0.3293294757938578	441205.1	131311750.0
0.330330395773833	452542.1	131468680.0
0.3313313716475467	454518.97	131323560.0
0.3323324509208637	454245.44	131216480.0
0.3333334405964418	451158.98	131584660.0
0.33433438047855313	457108.06	131300660.0
0.33533545700674794	458016.51	131574940.0
0.33633652156315985	469020.65	131377070.0
0.3373374041789717	464337.0	131311160.0
0.33833850182935676	474794.39	131661350.0
0.339339399390834	464407.27	131553600.0
0.3403404290994444	468176.62	131566790.0
0.34134150639017324	477083.19	131556790.0
0.34234245023746107	464215.14	131266610.0
0.34334346835555557	475393.28	131407820.0
0.3443444662665003	476456.03	131511030.0
0.3453453992095527	480341.48	131534260.0
0.3463464251054934	483158.28	131538780.0
0.34734738023828354	487667.78	131738400.0
0.3483484936731215	477621.6	131395770.0
0.3493494478146177	469341.4	131636790.0
0.3503504090476795	496278.71	131801490.0
0.3513514021546605	491394.3	131698240.0
0.352352508955453	487918.66	131760620.0
0.353353466528352	501307.86	131772640.0
0.35435446108414737	500986.04	131687080.0
0.3553555501178989	502784.85	131531870.0
0.356356472004209	498279.43	131781130.0
0.35735742736575954	500594.87	131785560.0
0.35835851052799966	499489.1	131672350.0
0.3593594038955402	504796.58	131767570.0
0.3603604955219072	500258.9	131698310.0
0.3613615067771961	512036.97	131769710.0
0.3623624959190004	510540.94	131766510.0
0.36336345242435164	504090.05	131745850.0
0.364364461849559	509763.59	131847270.0
0.36536539601266577	515491.68	131776870.0
0.36636653903382077	526928.54	131738970.0
0.3673674608438776	525303.73	132020090.0
0.3683684483081072	526404.94	131819780.0
0.3693695451197051	520228.1	131987410.0
0.3703704903395541	526776.97	131676670.0
0.37137141321715833	518646.14	132012700.0
0.3723724369017505	525473.02	131688890.0
0.3733735248679545	538751.28	132129300.0
0.3743744568959661	536286.43	131932890.0
0.37537552778140976	536378.32	131765310.0
0.3763764881756842	536450.27	131893830.0
0.3773774141034243	542341.29	132169080.0
0.37837846645929296	535850.98	131971050.0
0.37937946032880787	542367.22	131902660.0
0.3803804542745761	540660.79	131770180.0
0.38138146720743954	534661.62	132000070.0
0.3823824308806101	554751.22	132036740.0
0.3833834390095098	556664.52	132023240.0
0.3843845008970528	563588.62	132189360.0
0.3853854949190743	556283.7	131912720.0
0.3863864303022353	545255.19	132248040.0
0.38738749051220367	550803.41	132096230.0
0.38838849505719375	560684.28	131866510.0
0.3893895195043199	557031.38	132138460.0
0.3903905708688944	569461.04	132067710.0
0.3913915170800375	575692.73	132112560.0
0.39239254198468415	575485.96	132240430.0
0.3933934463327134	570402.47	132055070.0
0.3943944721524007	566278.01	131738710.0
0.3953955479943149	565329.66	132087830.0
0.3963965061772409	567278.76	132323360.0
0.3973975806465941	571455.11	132319780.0
0.3983984273470568	590049.24	132297780.0
0.39939947627152284	580602.59	132172390.0
0.40040049904107433	590117.1	132241510.0
0.4014014867340641	587011.58	132195980.0
0.40240242745496285	595701.41	132317880.0
0.40340345289338314	579543.31	132096330.0
0.4044045561102661	595493.91	131956510.0
0.4054055217660248	581141.46	132442580.0
0.40640655589733216	590608.23	132365680.0
0.40740744880735225	590536.18	132269000.0
0.408408526860615	606417.59	132051840.0
0.4094094851960479	599789.52	132347260.0
0.4104104925624136	606307.86	132096940.0
0.4114115286000559	614428.98	132392500.0
0.4124125531234355	602782.18	132502600.0
0.4134134401619442	618465.35	132441640.0
0.41441443868291605	616654.78	132345600.0
0.4154154590123588	602116.46	132568740.0
0.41641650664051705	600304.54	132351400.0
0.4174174557492891	619419.9	132195630.0
0.41841853120993633	620097.96	132296520.0
0.4194194874865275	621205.19	132600900.0
0.42042051879645914	624164.87	132352760.0
0.4214215570454498	631441.26	132455310.0
0.42242250966187805	621776.77	132529310.0
0.42342351230053327	629637.34	132524210.0
0.4244244842090705	630886.6	132710570.0
0.4254255205517261	630423.05	132593210.0
0.42642648254732185	629737.15	132745820.0
0.4274274794669725	631479.27	132548050.0
0.42842855774899535	634255.52	132577660.0
0.42942951105170424	659164.96	132542060.0
0.4304305724054735	641826.2	132760840.0
0.4314315514818297	649119.09	132627300.0
0.43243248396736167	639562.01	132824550.0
0.4334334522157358	640861.19	132923650.0
0.43443453682679045	656332.26	132767900.0
0.4354354691598157	662848.43	132911050.0
0.43643650786632665	638004.34	133100740.0
0.4374375530543762	653718.16	132593460.0
0.4384385075771393	669169.32	132740950.0
0.4394395941707821	659379.08	132825250.0
0.4404405598265409	655554.34	133017390.0
0.4414414593706064	673304.55	132818500.0
0.44244251088768766	657601.41	133055070.0
0.4434434800511025	672535.69	133147990.0
0.44444448886628285	668505.67	132829500.0
0.445445581331437	685404.56	133352780.0
0.44644649200849823	664195.15	133104720.0
0.4474474842766917	684211.65	133060100.0
0.44844851253648765	678542.53	133020800.0
0.44944951548015644	683051.55	133231140.0
0.45045055952440516	682828.12	133288950.0
0.4514514705064797	677030.82	133196580.0
0.45245247017125256	676841.56	133091750.0
0.453453480206487	697318.49	133176610.0
0.4544545523882384	694050.11	133256480.0
0.45545547198694664	705431.66	133454840.0
0.4564565225889872	688643.74	133233610.0
0.45745753628438474	679377.52	133251650.0
0.458458591080362	698883.03	133695440.0
0.4594595716055328	704366.62	133517800.0
0.4604605034047842	705200.74	133345810.0
0.4614615775691238	696270.06	133437450.0
0.4624626359490106	726130.49	133379510.0
0.46346350949066856	708158.95	133326460.0
0.46446459555053776	723596.38	133733260.0
0.46546557104298447	716015.8	133549590.0
0.46646656567503325	706821.47	133524450.0
0.46746760034011436	713030.28	133653850.0
0.46846854838133895	712479.52	133555100.0
0.4694694910085725	726695.04	133662290.0
0.47047052452985266	713637.07	133317390.0
0.471471596711604	715927.09	133625280.0
0.47247259530882935	748663.52	133529270.0
0.473473597261204	737677.72	133759830.0
0.4744745433198403	740150.5	133986760.0
0.47547554229833267	718977.86	133802670.0
0.4764765784122282	735455.56	133580030.0
0.47747751227032126	744914.87	133797210.0
0.4784785749966516	740765.93	133788630.0
0.4794795180051521	736960.0	133743610.0
0.4804805756987583	729559.11	133804670.0
0.4814815556901553	754742.66	133840170.0
0.4824825383504211	764453.98	133753320.0
0.48348349485577247	754351.4	134070440.0
0.48448453478233766	744326.86	133688080.0
0.48548552224656744	752907.93	133756920.0
0.4864865857354317	752053.64	134052620.0
0.4874876708802601	769158.74	133986800.0
0.48848864431386513	760558.26	133813020.0
0.4894895639125734	772008.84	133798760.0
0.4904905069973273	753250.72	134145010.0
0.4914915065858467	785601.01	134012290.0
0.4924925135709455	758828.66	134048130.0
0.4934936324197745	781211.23	134133970.0
0.4944945954066645	758758.47	134211730.0
0.49549561100839684	785979.49	134298180.0
0.4964966314903465	780833.6	133743050.0
0.49749763458652213	773720.45	133905770.0
0.49849859574333055	775649.52	134184050.0
0.49949954203072705	787152.76	134051350.0
0.5005005920227404	799364.39	134113320.0
0.5015015537133227	799985.02	134209980.0
0.5025025359160682	783499.24	134444700.0
0.5035036067252585	790722.4	134366710.0
0.5045045454635687	799951.62	134528880.0
0.5055055942355279	779980.15	134165710.0
0.5065066312644642	819892.97	134294100.0
0.5075075566584304	807393.54	134305590.0
0.5085085656261175	790089.94	134395600.0
0.5095096115767009	816856.98	134621000.0
0.5105105294978347	800891.45	134410570.0
0.5115116140326359	818398.93	134656720.0
0.5125125590237246	812863.98	134403130.0
0.5135136353231593	816680.01	134333290.0
0.5145145498128901	815132.92	134451330.0
0.5155155413948032	814642.52	134651400.0
0.5165166549058944	821839.71	134522810.0
0.517517610114938	830689.42	134716590.0
0.5185185259009767	828329.76	134792120.0
0.5195195585072161	843461.91	134849250.0
0.5205205423875361	812119.53	134635210.0
0.5215216499508627	829095.16	134742830.0
0.5225226079050286	832645.05	134751700.0
0.5235236626247524	830552.2	134740530.0
0.5245246844792631	845801.77	135006920.0
0.5255255708314912	845368.13	134957580.0
0.526526605801586	853079.68	134969960.0
0.527527657089907	848695.63	134907310.0
0.528528616797901	866317.78	135071190.0
0.5295295951117234	834856.36	134814940.0
0.5305306471625785	850231.96	134579230.0
0.5315316170122738	857010.38	135355380.0
0.5325325771777881	837713.79	135010420.0
0.5335336235096386	871421.66	135413410.0
0.534534602814755	870076.83	135104410.0
0.5355356439613745	856279.86	135215840.0
0.5365365498344717	881725.57	135111960.0
0.5375375626148285	861098.94	135106870.0
0.538538620537195	871582.87	135264380.0
0.5395396722830366	858458.81	135050080.0
0.5405406596710127	889093.4	135579330.0
0.5415416035183007	875276.66	135275480.0
0.5425425729867291	876615.72	135234620.0
0.5435436115407333	890619.84	135471860.0
0.5445446467395882	877254.08	135382320.0
0.5455456150642157	880273.11	135280390.0
0.546546615949043	893386.0	135318230.0
0.5475476520629384	893935.66	135096450.0
0.548548629842987	891942.07	135811800.0
0.549549618146004	888687.87	135531850.0
0.5505506877351399	898007.21	135431810.0
0.551551661931279	911384.6	135393680.0
0.5525526674675632	900069.87	135604730.0
0.5535536659885351	917963.23	135758090.0
0.5545546195200041	903674.5	135797360.0
0.555555613008252	899650.05	135640340.0
0.556556633795215	903452.34	135565230.0
0.5575575732960595	914413.51	135488210.0
0.5585585818824794	909789.0	135635630.0
0.5595595685079218	942185.71	135704270.0
0.5605606589142346	909106.62	135647560.0
0.561561584155694	911209.09	136018870.0
0.5625626350627482	947418.64	135969950.0
0.5635636796407706	917237.74	135895110.0
0.5645646610047287	930921.45	135777480.0
0.5655656121723424	940873.98	135729720.0
0.5665666797026366	938649.8	136026800.0
0.5675677034634823	941672.39	135932320.0
0.568568636864055	915792.88	135953430.0
0.5695697038605755	950510.4	135819620.0
0.5705706005832653	937088.47	135801960.0
0.5715715745506442	952844.02	136091590.0
0.5725726191286665	946702.29	136093550.0
0.5735736772797931	952156.21	136029830.0
0.5745745929895784	956098.87	135982720.0
0.5755756670776646	953046.53	136179700.0
0.5765766834419309	959978.7	136282090.0
0.5775775781057791	954231.27	136073780.0
0.5785786468561276	981152.62	135932430.0
0.5795796461396335	943279.53	136231480.0
0.5805807059683349	970104.01	136039180.0
0.5815816530945187	979601.8	135976530.0
0.5825826577157621	971547.47	136054620.0
0.5835836683610238	960971.08	136268460.0
0.5845846840390096	993460.39	136321990.0
0.5855857234318012	964317.86	136282580.0
0.5865866322787808	994317.34	136088100.0
0.587587638577599	986457.59	136321530.0
0.5885886918485085	993452.26	136322060.0
0.5895896737462404	969171.89	136281770.0
0.5905906583128411	988744.22	136207300.0
0.5915916212234774	1001381.6	136193650.0
0.5925926938627493	1004119.0	136228870.0
0.5935936035485162	983547.64	136287270.0
0.5945946413399864	997512.26	136340310.0
0.5955956056231841	1022399.3	136184820.0
0.5965966160396855	996988.24	136430310.0
0.5975976336240063	996317.8	136267060.0
0.5985987423311336	1019176.5	136320160.0
0.5995997061568109	1013185.9	136325710.0
0.6006006816492576	1023928.1	136567700.0
0.6016016197775409	1014435.6	136083600.0
0.6026026295077618	1024841.3	136182770.0
0.603603657233784	1006725.9	136494440.0
0.6046046228895428	1032153.7	136434160.0
0.6056056873697011	1029725.5	136333480.0
0.6066066116961198	1025171.8	136394040.0
0.6076076511651648	1035662.9	136181540.0
0.6086086139995479	1029236.9	136420620.0
0.6096097036433267	1030665.6	136363180.0
0.6106106961402804	1053860.0	136373690.0
0.6116116769704647	1031770.0	136528900.0
0.6126127010363239	1047747.9	136639160.0
0.6136136366482452	1051077.4	136139660.0
0.6146146462259593	1048289.4	136483370.0
0.6156156127205055	1047237.8	136544400.0
0.6166167377458592	1060986.5	136493350.0
0.6176176916585953	1047467.0	136304920.0
0.6186186648634402	1058841.6	136421640.0
0.6196197198881777	1056227.7	136330400.0
0.6206206870690042	1076093.6	136667530.0
0.6216216979430261	1078332.2	136582570.0
0.6226226526945495	1063323.0	136642620.0
0.6236236843857481	1076928.1	136420820.0
0.6246246315881854	1072717.0	136336830.0
0.6256256555015376	1066544.4	136721650.0
0.6266266412119393	1068476.6	136575710.0
0.6276277141562246	1097489.6	136552350.0
0.628628726097794	1063218.4	136610820.0
0.6296297185947477	1082883.7	136674660.0
0.6306306699148682	1103980.3	136295210.0
0.6316316967258497	1095833.8	136561270.0
0.6326327517505872	1113146.5	136697580.0
0.6336337291493688	1086443.7	136624530.0
0.6346346773431	1092425.2	136562200.0
0.6356356825743708	1108213.5	136803640.0
0.6366367133505286	1090239.6	136807680.0
0.6376376616967668	1104789.5	136254640.0
0.638638681721196	1110971.7	136870030.0
0.6396396571373894	1124268.9	136359920.0
0.6406407132296743	1102759.2	136503800.0
0.6416416761403109	1125181.3	136682500.0
0.6426426996723963	1123015.5	136722730.0
0.6436437716253873	1129663.4	136724590.0
0.644644673533308	1105300.1	136640290.0
0.645645741368616	1139212.1	136498750.0
0.6466466378625456	1126384.1	136645180.0
0.6476477107305774	1131270.8	136658250.0
0.648648691408255	1132229.7	136639180.0
0.6496497704528118	1144147.9	136572640.0
0.6506506604652029	1148125.0	136461730.0
0.6516516967316052	1115149.5	136479020.0
0.6526527297191116	1157504.5	136489380.0
0.6536537559200658	1138078.7	136741270.0
0.6546546573704661	1184470.8	136636800.0
0.6556556495624063	1125719.9	136645350.0
0.6566567385199045	1191110.5	136506320.0
0.6576577291105233	1145247.4	136213090.0
0.6586586871409424	1141928.7	136561850.0
0.6596597375904765	1168315.1	136649430.0
0.66066079208144	1182354.5	136404950.0
0.661661758728493	1165446.0	136781820.0
0.6626627127174823	1165095.1	136544770.0
0.6636637171099656	1166385.6	136446280.0
0.6646647768624137	1170783.3	136334400.0
0.6656657149144435	1189809.8	136532140.0
0.6666667482069635	1188152.8	136590050.0
0.667667755725836	1193218.8	136371790.0
0.6686687413599841	1178998.3	136531530.0
0.6696697650445764	1174783.4	136667310.0
0.670670776452372	1197209.1	136467080.0
0.6716717037526732	1193314.9	136717920.0
0.6726727741805963	1210554.0	136476520.0
0.6736737420477037	1191666.0	136688980.0
0.6746747345446574	1194095.2	136537590.0
0.6756756766381171	1209961.7	136686420.0
0.676676665093641	1221606.4	136531880.0
0.677677732013908	1211603.1	136447520.0
0.6786786930182096	1240230.8	136755770.0
0.6796797607010107	1200351.9	136616320.0
0.6806807154525341	1215554.6	136551180.0
0.6816816963589717	1217977.5	136857200.0
0.6826826854245226	1210711.3	136689560.0
0.6836837893276863	1221687.9	136569580.0
0.6846847143403855	1240321.5	136546250.0
0.6856857472516386	1219006.0	136816130.0
0.6866867401298592	1235179.5	136376140.0
0.687687718138668	1251240.3	137175610.0
0.6886887835338671	1241438.3	136547730.0
0.6896897758020606	1251060.8	136795100.0
0.6906907485493851	1253797.6	136605640.0
0.691691762702303	1261089.8	136796500.0
0.6926927366696819	1239137.2	136732000.0
0.6936937325217849	1253965.6	136864230.0
0.6946947860214545	1244692.2	136604250.0
0.6956957207945884	1255069.3	136643600.0
0.6966967835209188	1280691.3	136501770.0
0.6976977256906318	1274774.1	136873700.0
0.6986986849411054	1250688.9	137006550.0
0.699699743473499	1257953.8	136794090.0
0.700700797049422	1298765.4	136669660.0
0.701701733576384	1286611.7	136612080.0
0.7027027108226587	1273729.8	136771710.0
0.7037038176234514	1261425.6	136877660.0
0.7047047538453997	1289214.9	136937870.0
0.7057056976164341	1315190.8	136724890.0
0.7067067466171534	1264363.9	137021150.0
0.7077077018261969	1309813.6	136897400.0
0.7087087916224826	1281722.6	136638860.0
0.7097097415700421	1294768.9	136593430.0
0.7107108124554857	1301667.1	136760360.0
0.7117117457035517	1318892.8	136943620.0
0.7127126955748576	1315909.7	136940360.0
0.7137137419829616	1315997.9	137061290.0
0.7147147080199873	1314549.0	137021190.0
0.7157158378493049	1303001.3	136530050.0
0.7167167802477784	1319947.8	136906130.0
0.7177177549776911	1315618.4	136836740.0
0.7187187481609253	1326013.3	136960240.0
0.7197197175531004	1335619.5	136769350.0
0.7207207567171318	1314527.8	137119920.0
0.7217217131462298	1351907.9	137048720.0
0.7227227856329946	1343143.4	136788470.0
0.7237237047741826	1315020.8	137134480.0
0.7247247613239879	1343357.9	137060630.0
0.7257258515777938	1372419.0	137221890.0
0.7267267465466556	1333453.8	136725970.0
0.72772781834714	1348185.1	137040950.0
0.728728710494626	1359569.2	137237580.0
0.7297297278501864	1357539.0	137169410.0
0.7307308449451873	1359773.0	137019970.0
0.7317317232145556	1358996.3	137285530.0
0.7327327626836005	1374590.1	137356600.0
0.7337338590376781	1361518.4	137012980.0
0.7347348375802605	1375765.2	137299990.0
0.7357357959919467	1378859.7	137068090.0
0.7367368051121406	1364010.7	137342130.0
0.7377377613887318	1389368.1	137234540.0
0.7387388693333252	1385985.5	137326900.0
0.7397397789428388	1374072.7	137202660.0
0.7407408226058204	1397465.6	137071710.0
0.7417417526512438	1380005.2	137221530.0
0.7427428231554204	1399357.6	137177210.0
0.7437438366220578	1415348.9	137661840.0
0.7447447688788296	1402094.1	137177160.0
0.7457458440344632	1388936.5	137506950.0
0.746746762336864	1406330.5	136932540.0
0.7477478718827787	1416443.3	137190550.0
0.7487488166451072	1409509.4	137500090.0
0.749749807235726	1424322.5	137202140.0
0.7507508118569696	1412821.4	137309080.0
0.7517517441899948	1421936.5	137290550.0
0.7527527482774645	1417239.8	137122300.0
0.7537537458833957	1435679.7	137693980.0
0.7547548208865227	1420411.5	137144190.0
0.755755844799875	1451025.8	137691850.0
0.7567568017627468	1426886.7	137470360.0
0.7577577966235558	1454984.4	137358460.0
0.7587587824864641	1458182.7	137494850.0
0.7597598186003597	1436869.5	137532850.0
0.7607607981342362	1434876.7	137659360.0
0.761761758757271	1451602.7	137315110.0
0.7627627741302432	1453591.6	137418220.0
0.7637637703636132	1462447.0	137823540.0
0.7647648166954637	1467228.8	137541040.0
0.7657657711419735	1450163.5	137464430.0
0.766766752200918	1487470.3	137823470.0
0.7677677932712842	1480548.1	137792820.0
0.7687688068141749	1486222.5	137920680.0
0.7697697737662413	1448942.2	137706180.0
0.7707707818188876	1483637.5	137581720.0
0.7717718016145566	1465851.8	137797920.0
0.7727728613670046	1503967.9	137626610.0
0.7737738672083025	1501148.7	138029820.0
0.7747748615353377	1496425.0	137949110.0
0.7757758433568162	1489507.4	137912350.0
0.7767767740885201	1496101.5	137755020.0
0.7777778188190493	1497423.5	137822070.0
0.77877877867955	1508091.3	137946870.0
0.779779823562586	1516836.2	137789750.0
0.7807808484672325	1501767.2	137966740.0
0.781781763872004	1527317.0	138008180.0
0.7827827853452479	1510134.3	138041060.0
0.7837838735402121	1527693.4	137890950.0
0.7847848499476996	1544688.0	137840340.0
0.7857858258976665	1497649.8	138000920.0
0.7867868730683044	1542147.5	137947770.0
0.787787794878361	1551602.3	138105720.0
0.7887887693795136	1542095.8	137942920.0
0.7897898314195635	1528333.8	137751040.0
0.7907908922395589	1550648.2	138142330.0
0.7917918530151005	1534413.4	137951920.0
0.7927927794003609	1521965.7	138131390.0
0.7937938281723199	1569773.7	138104690.0
0.794794801605925	1584711.3	138196400.0
0.7957958015757114	1574718.6	137874030.0
0.7967968223626747	1566341.2	137975680.0
0.7977977700988856	1553337.4	137798500.0
0.7987988036964191	1566096.9	138338920.0
0.7997998662702427	1580299.7	138220690.0
0.8008008265882639	1562603.7	137881300.0
0.8018017874400587	1613006.6	138208110.0
0.8028028997310958	1541327.9	137971380.0
0.8038038526525375	1601095.6	138028980.0
0.8048048267724232	1603779.3	138191250.0
0.8058058785182646	1601709.7	138066920.0
0.806806825568195	1589905.4	137915600.0
0.8078077926727684	1585383.8	138272670.0
0.8088089029812171	1618788.6	138162850.0
0.8098098368393101	1631679.1	137707930.0
0.8108108837811877	1578516.3	138397080.0
0.8118117876716967	1613061.6	138142890.0
0.812812900420254	1632999.1	137901270.0
0.81381383366832	1644028.1	138094620.0
0.8148148543790298	1633925.9	138135380.0
0.8158158074529785	1599654.0	138091670.0
0.8168168058976969	1602737.0	138036370.0
0.8178179106396478	1637858.1	138066600.0
0.8188188698138681	1675088.0	138213740.0
0.8198198147287034	1667742.2	138128680.0
0.820820814545983	1622449.6	137886310.0
0.8218219170003321	1649258.8	137941660.0
0.8228228410217372	1645078.1	138193840.0
0.8238237953919936	1633221.0	138305550.0
0.8248248498067039	1714401.5	138025500.0
0.825825851454065	1631468.0	137885870.0
0.8268268479161953	1695946.2	137849910.0
0.8278279094224713	1672295.2	138122390.0
0.8288288139992609	1657327.8	138197970.0
0.8298298207555995	1663202.2	137969280.0
0.8308308137100735	1675190.2	137838800.0
0.8318318900857615	1689556.7	138093040.0
0.8328328113620446	1717908.2	137835500.0
0.8338338632603928	1688153.7	138151170.0
0.8348349103547773	1688150.2	137835580.0
0.8358359287016318	1703697.5	137660860.0
0.8368369354579704	1727519.7	138137790.0
0.8378378793052582	1700704.2	138100290.0
0.8388388373356775	1706849.0	137703180.0
0.8398398430244685	1701864.1	137773280.0
0.8408408583211874	1716917.6	138016720.0
0.8418418896311191	1728456.1	137622510.0
0.8428429130869511	1731750.8	137817910.0
0.8438438268141478	1721049.2	137760770.0
0.8448448867953561	1744875.0	137906970.0
0.8458458125705893	1740593.1	137669250.0
0.8468469285217892	1714106.5	137413480.0
0.8478478650487512	1757648.9	137822620.0
0.8488488466414694	1759851.2	137342830.0
0.8498499044113291	1760089.1	137496600.0
0.8508508625942552	1745398.0	137564070.0
0.8518518632503222	1756128.4	137472270.0
0.8528529295605621	1740473.5	137571820.0
0.8538538738653704	1812466.5	137368260.0
0.8548548415799707	1747523.6	137224700.0
0.8558558640445086	1796858.8	137086110.0
0.8568569154090832	1757663.0	137425310.0
0.8578579402374763	1773073.3	137467970.0
0.8588589127560405	1804962.0	137055260.0
0.8598598500455366	1793059.3	136992430.0
0.8608608646559747	1780083.4	137001040.0
0.861861912131626	1791337.6	137097490.0
0.8628629081362359	1821970.2	137177860.0
0.8638639286181856	1827631.5	136801500.0
0.8648649482613479	1801651.1	137135730.0
0.8658658484916939	1798476.3	136437610.0
0.866866859213209	1807810.8	136760460.0
0.8678679347501097	1793970.8	136964480.0
0.8688688904929271	1868625.8	136619290.0
0.8698698688830028	1842875.9	136910290.0
0.8708709247465275	1827725.3	136390660.0
0.8718718900972727	1825053.5	136592830.0
0.8728729306338653	1842012.0	136391950.0
0.8738739350263486	1856060.9	136258770.0
0.8748749328610399	1847250.8	136582380.0
0.8758758839524003	1843387.8	136289910.0
0.8768769594130477	1848417.6	136379480.0
0.8778778398175109	1904218.5	136155500.0
0.8788788844717867	1868816.2	136049680.0
0.8798799605424612	1854470.1	135838500.0
0.8808808980607172	1850076.0	135956750.0
0.8818819771815275	1907007.9	135982900.0
0.8828828589585519	1895892.0	135917440.0
0.8838839518812266	1868693.7	135670630.0
0.8848848523403328	1894087.2	135448040.0
0.8858858671032778	1903869.1	135662410.0
0.8868868651667294	1898398.5	135472820.0
0.887887912489874	1900701.1	135407080.0
0.8888888624374334	1910563.4	134888610.0
0.889889864389808	1920568.0	135285490.0
0.890890881440355	1913288.4	135093770.0
0.8918919572060158	1921923.7	134934260.0
0.8928929457377931	1906940.7	135003320.0
0.8938938593124831	1959250.0	134920400.0
0.8948948756767494	1934666.5	134708380.0
0.8958959238386814	1920628.6	134431330.0
0.8968969858787312	1944181.1	134572730.0
0.8978978999109417	1980550.9	134425370.0
0.8988989491404211	1955338.6	134367520.0
0.8998999770952034	1938144.2	134299550.0
0.9009009355068897	1952855.3	133844660.0
0.9019019198447302	1971218.8	134229060.0
0.9029029651852865	1977258.5	134056460.0
0.9039039527257695	1981899.7	133669600.0
0.9049049812143257	1982203.4	133824850.0
0.905905913547351	1981122.5	133741470.0
0.9069069406633459	1975650.3	133925120.0
0.9079079238573854	1989762.8	133533700.0
0.908908883107859	2024133.3	133540030.0
0.9099099029797815	1977673.0	133715850.0
0.9109109354335141	2024323.0	133275720.0
0.9119119199238613	1989104.5	133511280.0
0.9129129702971418	2066631.3	133353750.0
0.9139139536436882	2014430.5	133278680.0
0.9149149084714648	1979033.0	133332960.0
0.9159159207943012	2054520.8	132972120.0
0.9169168985743497	2063148.8	133132720.0
0.9179179012892583	2049958.7	133132420.0
0.9189189674469915	2011881.7	132957620.0
0.9199198929172111	2051623.9	132595520.0
0.9209208984534953	2067763.2	133018300.0
0.9219219002533633	2063644.4	132734860.0
0.9229229859319655	2036297.7	132435900.0
0.9239239443436518	2103971.6	132217940.0
0.924924908931863	2078705.0	132560650.0
0.9259259567887813	2062244.2	132398340.0
0.9269269557672737	2081383.9	131933450.0
0.9279278897778735	2127192.4	131994070.0
0.928928944802611	2070208.1	132189250.0
0.9299300383353128	2089471.2	131794490.0
0.9309309512237225	2104679.7	131642410.0
0.9319319807035727	2165172.7	131851170.0
0.9329329855535763	2079115.0	131464340.0
0.9339340541514181	2098703.0	131641130.0
0.934934969632443	2141398.7	131463880.0
0.9359360041450173	2143715.9	131394430.0
0.9369369468485043	2128314.3	131385990.0
0.9379379684742548	2150367.8	131391020.0
0.9389389050012167	2151636.4	131057780.0
0.9399399135113834	2139041.0	131128210.0
0.9409409639609172	2186308.8	131103140.0
0.9419420022861612	2141167.9	131036320.0
0.9429430284871154	2166992.6	130940660.0
0.9439439056889362	2198630.2	131022470.0
0.9449449689490403	2193056.9	131081930.0
0.9459459925573791	2148092.7	130739160.0
0.9469469490627305	2208823.0	130938530.0
0.947947995775848	2201911.2	130796690.0
0.9489489897216162	2201724.8	130832030.0
0.9499499028387859	2195626.6	130741440.0
0.95095094116403	2225261.3	130698560.0
0.9519519050659606	2246538.8	130633080.0
0.9529529610057389	2206089.2	130567960.0
0.95395395861167	2242761.2	130543100.0
0.9549549071866683	2224778.9	130601510.0
0.955955917450663	2231454.3	130451290.0
0.9569569479218074	2260514.4	130341590.0
0.9579579542206256	2269666.9	130477900.0
0.9589589451925115	2261323.9	130058310.0
0.9599599816876739	2277734.6	130293590.0
0.960960978683578	2252217.0	130191010.0
0.9619619892525862	2313414.9	129985910.0
0.9629629804532323	2269677.4	130100650.0
0.9639639599871089	2309694.7	129893350.0
0.9649649912207872	2296780.7	130018860.0
0.9659659357543556	2296461.4	129878630.0
0.9669669513560879	2336369.2	129912360.0
0.9679679722193046	2331922.1	129798160.0
0.9689690010128742	2300876.3	129666770.0
0.9699699639235109	2354771.2	129651500.0
0.9709710360290087	2357489.9	129367710.0
0.971972043700388	2328157.2	129338180.0
0.9729730622760028	2360531.5	129005260.0
0.9739739827897518	2370961.9	129091510.0
0.9749749529444608	2365347.7	128698970.0
0.9759760309977235	2375104.6	128548280.0
0.9769769566967034	2413614.5	128549750.0
0.9779779554464355	2366137.0	128178610.0
0.9789790056672091	2422166.2	128256350.0
0.979979995876561	2402364.9	128180220.0
0.9809809398763556	2436979.6	128033550.0
0.9819819589094907	2394557.6	127768710.0
0.9829829530077658	2447792.0	127738300.0
0.9839839933918514	2440181.7	127243240.0
0.9849849607251849	2462729.2	127126960.0
0.985986026501651	2484496.4	126708380.0
0.986986941601409	2448420.2	126426520.0
0.9879880384130069	2490694.5	125931730.0
0.9889890819234818	2487220.5	125798190.0
0.9899900276008511	2507123.6	125316420.0
0.9909909771671436	2513172.4	125083240.0
0.9919920690985241	2523954.6	124908070.0
0.992992990374807	2520041.3	124652660.0
0.9939940091029286	2551738.2	124622530.0
0.9949949431135284	2565578.4	124369550.0
0.995996018421669	2567640.0	124034580.0
0.996996998031799	2572158.3	123486650.0
0.9979979617812229	2602525.1	122474830.0
0.9989990322091461	2637520.0	122283220.0
1.0	2636711.6	126202040.0
