q_m	density,	T,
0.0	30.015811	66336699.0
0.0010319420511319894	33.246938	69108112.0
0.0020640130295452607	35.459759	71035305.0
0.003095950756896978	38.330505	73588359.0
0.004127949567478717	44.711451	79078293.0
0.005159979430667572	56.621801	87271700.0
0.006191942314561933	72.552162	95122841.0
0.007223875953975709	87.853035	100622760.0
0.008255922797830766	100.49457	104468190.0
0.00928787774169135	112.82363	107640080.0
0.010319921283750234	126.89588	111076040.0
0.011351861919827243	144.67697	115178380.0
0.01238393447052427	166.24942	120033250.0
0.013415921174519847	192.75538	126195100.0
0.014447825333610153	231.8315	134428610.0
0.015479843561898172	296.09289	144902830.0
0.016511808725604166	387.91701	157373440.0
0.01754384770803978	497.90717	169435840.0
0.018575833625893372	633.34041	179989530.0
0.019607795016117976	795.66701	189336090.0
0.020639766154502772	999.82395	197108930.0
0.021671833831119758	1212.2673	204521320.0
0.022703723132127162	1481.4525	210740880.0
0.023735806452969035	1812.4617	215212500.0
0.024767753614024286	2221.7805	216345160.0
0.02579971209552371	2772.924	213426210.0
0.026831787161874922	3415.0919	208733500.0
0.02786374021899487	4159.8465	202746610.0
0.028895741781073347	5041.5939	198136720.0
0.029927822979331917	5862.1532	193478290.0
0.030959649231754437	6935.7172	189105240.0
0.03199173215952532	7971.7229	184691180.0
0.03302362947918061	9002.8539	180669120.0
0.03405568764347984	10330.782	177560910.0
0.035087742820439666	11312.297	174405270.0
0.036119659479187015	12656.36	171974870.0
0.03715173179404149	13883.207	170420760.0
0.03818367235150428	14930.123	168710330.0
0.03921562643060877	16638.2	166353910.0
0.04024760778883909	17581.345	164944090.0
0.041279673971786314	19187.829	163386330.0
0.042311638899649756	20600.234	160940450.0
0.043343653197227945	21806.467	159318190.0
0.044375556098491045	23300.275	157782630.0
0.045407641620530445	25064.495	155898170.0
0.04643964058834051	26518.906	154889880.0
0.04747168318702907	27765.627	153475670.0
0.04850365023747582	28965.37	151853080.0
0.04953563513334487	30615.867	150776500.0
0.05056768292057047	32341.394	150388920.0
0.05159958998838596	33984.518	149781400.0
0.052631595323945936	35570.877	148597200.0
0.05366357503127806	36137.171	148185590.0
0.0546954907466552	38401.382	147304030.0
0.05572750465116239	39432.312	147088070.0
0.05675945016131956	41377.126	146149350.0
0.057791499756671576	43054.344	145769850.0
0.05882354620745575	44418.626	145616010.0
0.05985545791350883	45222.018	144878590.0
0.06088741246429854	47639.72	144356870.0
0.06191946080182335	48412.846	144165070.0
0.0629514087490206	50314.624	144180910.0
0.06398342375412655	51680.389	143344220.0
0.06501537720431748	54442.034	142979830.0
0.06604745958178893	53637.516	142860870.0
0.06707940265490613	56645.586	142285850.0
0.06811142929491303	58946.63	142277430.0
0.06914335821747486	58851.067	141805600.0
0.07017546842437158	60349.482	141364240.0
0.07120743932691394	62176.231	141329940.0
0.07223937618950967	63957.781	141258980.0
0.07327150274815904	66586.562	140650770.0
0.0743033172870665	68051.576	140534670.0
0.07533534219756109	68486.681	140367060.0
0.07636731089890593	68491.709	140129410.0
0.07739939665678777	73275.433	139123290.0
0.07843134090911773	73500.035	139395310.0
0.07946331078967554	73245.685	139419920.0
0.08049525299803642	77503.723	138908350.0
0.08152726910374114	78189.551	138910900.0
0.0825593511667558	79380.29	138656580.0
0.08359127883149067	82590.637	138103720.0
0.08462331514104365	81710.339	137903260.0
0.08565528454991614	84164.198	137636160.0
0.08668726362833472	85139.692	137658860.0
0.08771926306782989	89273.756	137853010.0
0.08875125763324503	88204.972	136945750.0
0.08978325227727438	91329.425	136734620.0
0.09081520635637887	89658.331	136851360.0
0.09184718056071729	95408.598	136916810.0
0.09287924477830965	95950.555	136697220.0
0.09391116072952935	97104.744	136383750.0
0.09494314766936748	98202.438	136088350.0
0.09597525795487831	99718.134	136006360.0
0.09700724882542627	103828.74	135933700.0
0.09803925038750486	102098.28	135891750.0
0.09907110336875388	102977.21	135614420.0
0.10010318983416361	108454.39	135617010.0
0.10113512811181476	107709.49	135174850.0
0.10216719484506143	111206.07	135132530.0
0.10319909774632463	109502.1	135003400.0
0.10423108971747125	110349.43	134994340.0
0.10526307115431568	117087.81	134446050.0
0.10629515133058971	118187.41	134788330.0
0.10732716617846723	116728.67	134417900.0
0.10835909345013109	120361.24	134497320.0
0.10939106443128756	119996.91	134255910.0
0.11042314209190729	121516.26	134083880.0
0.11145501268273618	124554.63	134173930.0
0.11248707265516195	127913.97	133555420.0
0.11351900818131624	128065.78	133586130.0
0.11455098120644179	126494.34	133427720.0
0.11558307026611982	130123.78	133422470.0
0.1166149654631919	133555.97	133141370.0
0.11764711073201979	132527.18	132904840.0
0.11867898706168493	137215.25	133308520.0
0.11971110670228507	137218.68	132781310.0
0.12074304497993622	137796.86	132951160.0
0.12177497303774197	141245.95	132594400.0
0.12280693442796657	140882.06	132241890.0
0.12383891963829251	144227.92	132318550.0
0.12487093660875333	147480.95	132156670.0
0.12590300735132393	145905.03	132142650.0
0.12693489169963695	148428.8	132068310.0
0.1279668867367373	150074.38	131884270.0
0.12899898640933172	150580.26	131333940.0
0.13003093938783755	153747.37	131781860.0
0.13106293340295339	155266.23	131810310.0
0.1320948410210682	155391.47	131410240.0
0.13312692685756425	159369.25	131298700.0
0.13415882472751897	161266.96	131087020.0
0.13519090561132077	164675.18	131272070.0
0.1362228424739164	160852.74	131056460.0
0.13725490669150875	161216.26	131058930.0
0.13828691179122607	167306.04	130600050.0
0.13931885682969802	169178.73	130698260.0
0.14035082073557692	169044.85	130698080.0
0.14138284336625986	171987.44	130575770.0
0.1424147895053307	172536.63	130485470.0
0.1434468292739082	176669.55	130623710.0
0.1444787897993767	176521.72	130244930.0
0.14551075622090978	175784.41	130334180.0
0.14654273482764324	180810.61	130398610.0
0.14757479692265232	181589.92	130193150.0
0.14860677104837663	185201.04	129978460.0
0.14963879360044535	185936.98	129740450.0
0.15067082094798004	182679.54	129925820.0
0.15170273878594026	189440.03	129672800.0
0.15273471008155362	187309.37	129385630.0
0.15376668908135807	193386.43	129706840.0
0.1547987382836391	189149.86	129662030.0
0.1558306530556458	194484.14	129697660.0
0.15686265398881075	197472.01	129172510.0
0.15789478998116363	199524.26	129454490.0
0.15892669642006568	200118.4	129257980.0
0.15995874373560598	201361.14	129367650.0
0.16099067360153824	200809.82	129327050.0
0.1620226580257222	204339.99	129387360.0
0.163054706756318	204316.52	129109060.0
0.16408666948298392	212671.41	129049690.0
0.1651185871637158	208641.66	128906990.0
0.16615065216745004	208174.51	128898770.0
0.1671826129287611	212898.89	129206590.0
0.16821466889186293	215760.67	128911730.0
0.16924657698166307	213781.33	128861280.0
0.17027866415460044	217873.44	129083000.0
0.1713105601378144	221846.83	128985450.0
0.17234257419955004	225136.16	128839360.0
0.17337458755375793	221629.6	128971170.0
0.1744065123883817	222182.58	128416620.0
0.17543864405695378	223412.18	128961800.0
0.17647055859311783	226221.37	128794360.0
0.17750248374219849	228268.52	128777160.0
0.17853449717502048	233072.49	128793480.0
0.17956655588961914	234404.42	128771470.0
0.1805985203457975	233504.04	128484800.0
0.18163056207972983	235814.44	128717780.0
0.18266250782572954	238976.63	128587860.0
0.18369453996873014	238858.24	128791710.0
0.18472650466075105	242682.14	128836490.0
0.1857584188038442	236582.22	128760510.0
0.18679051446711467	246063.2	128558120.0
0.18782245415982138	245928.13	128816200.0
0.18885456224413477	250640.1	128784320.0
0.1898865063392365	248482.48	128756360.0
0.1909183714270716	255043.59	128661890.0
0.1919504205507384	251909.05	128780040.0
0.19298238327740433	250352.05	128537430.0
0.1940144305929446	257934.95	128792140.0
0.19504642688787216	254401.27	128721530.0
0.19607844621675882	262347.03	128794460.0
0.1971104351219518	261205.68	128790150.0
0.19814236616709707	261251.33	128866470.0
0.19917431655133427	262765.38	128877060.0
0.20020642620793166	267734.88	128708200.0
0.20123838775538472	267063.58	128656600.0
0.202270347809168	267356.88	129131580.0
0.20330230353917045	271739.53	128871590.0
0.20433434951826954	273732.73	129024370.0
0.20536639879916477	280439.96	128812680.0
0.20639825319546934	272056.82	129196780.0
0.2074303152904784	277247.86	129040550.0
0.2084622574988393	284624.01	128858200.0
0.20949430127674082	280459.52	128925560.0
0.21052626361033586	278174.14	129247680.0
0.21155826037694841	287673.96	129016500.0
0.21259023458128695	282135.98	129055760.0
0.21362219172634495	290822.12	129260550.0
0.21465430358413976	290151.25	129417920.0
0.21568631190703913	286246.3	129022860.0
0.21671819908546322	291846.09	129064630.0
0.2177502149553254	297327.38	129388380.0
0.2187823000842937	300252.33	129556670.0
0.2198142063659673	299258.65	129331240.0
0.22084613866893965	302401.13	129392410.0
0.22187816876797115	299730.42	129321290.0
0.22291020232602718	300539.03	129508580.0
0.2239422019227508	304451.17	129546480.0
0.22497416425634584	308135.68	129580500.0
0.2260061330363048	305518.68	129594910.0
0.2270381974897397	315559.89	129643640.0
0.2280701072304379	305259.92	129566850.0
0.22910215092972513	314487.53	129884890.0
0.2301341010781199	314605.67	129576900.0
0.23116613282804951	319322.88	129740420.0
0.23219812031818707	321021.41	129997690.0
0.23323011629865764	322996.1	129694920.0
0.23426208900932652	319099.64	129925400.0
0.2352940468619123	321644.38	129782380.0
0.2363260113180906	321004.13	130017470.0
0.2373580526589521	325044.44	129885280.0
0.23839001310580638	336130.14	129869250.0
0.23942203227746472	326572.18	130337010.0
0.24045404665365713	334800.88	130040790.0
0.2414860511244609	334573.8	130251840.0
0.24251801220022873	337345.74	130056130.0
0.24355004206341768	335826.37	130175040.0
0.2445819597441496	340969.63	130252120.0
0.24561399440280438	347249.18	130190970.0
0.2466459609815659	338560.82	130135280.0
0.24767804634637675	343999.85	130316530.0
0.24870995121299483	342824.94	130132860.0
0.2497420456970524	348575.87	130278880.0
0.2507739035523816	349474.73	130367930.0
0.25180597044285646	352751.19	130555700.0
0.2528379209057079	348253.51	130459410.0
0.25386988331791716	358380.35	130576650.0
0.2549019646734041	356438.87	130532450.0
0.2559339061742373	357853.83	130373800.0
0.256965939181994	363134.24	130520380.0
0.25799785041636186	359711.7	130598600.0
0.2590299396332683	365407.69	130429760.0
0.2600619546383743	362687.36	130581820.0
0.261093876249816	371585.57	130391340.0
0.2621258248259268	370113.88	130650060.0
0.2631578134166631	371808.39	130755460.0
0.2641898835303201	364999.34	130820490.0
0.2652218486154119	373181.17	130852070.0
0.2662539009622607	378350.72	130515470.0
0.26728585394076654	377934.04	130745210.0
0.26831785605314445	380884.46	130785680.0
0.26934980895303595	376959.35	130852600.0
0.2703818690826901	379752.17	130701460.0
0.27141382158951055	388320.61	130766310.0
0.2724457365187457	389607.9	130797370.0
0.2734778534078491	393049.58	130719430.0
0.27450976479944533	384998.21	130941330.0
0.27554170008975704	389460.71	130918120.0
0.2765738158782617	398801.08	130721910.0
0.27760570156301606	395297.55	130798180.0
0.27863771593920855	399996.96	130979600.0
0.27966980657117047	394680.71	130982050.0
0.2807017537322258	396089.99	130934560.0
0.2817337084402437	398862.44	130905390.0
0.2827656593747805	401370.85	130709970.0
0.2837976430914365	409871.91	131105720.0
0.28482971792194534	403942.2	131154510.0
0.2858617036825706	422488.72	131079130.0
0.28689366585893716	410589.06	131051830.0
0.28792574556352596	414648.87	131223680.0
0.28895769964263035	421158.64	130988070.0
0.2899895997923967	413412.09	130984830.0
0.29102162690408884	417355.38	130906100.0
0.29205365574529313	415832.51	130925000.0
0.2930856161921474	417743.72	130937850.0
0.29411756366765945	422600.8	131277090.0
0.29514956122041397	420530.15	131239570.0
0.2961816297617871	431371.89	131042950.0
0.29721366426321355	438763.78	131443170.0
0.2982455270712371	431671.83	131094480.0
0.29927753445076616	433598.48	131129780.0
0.3003095651787112	440555.23	131354050.0
0.30134151281145155	433781.21	131401950.0
0.3023736010849878	432268.94	131194770.0
0.30340555233398125	437740.36	131113920.0
0.3044375696975129	434666.22	131199000.0
0.3054694782589982	455597.63	131078440.0
0.30650147062321575	444013.32	131492380.0
0.3075334651886309	455529.62	131128280.0
0.3085655554275219	441205.1	131311750.0
0.3095974638317787	452542.1	131468680.0
0.310629429860241	454518.97	131323560.0
0.31166150248955227	454245.44	131216480.0
0.31269348274718384	451158.98	131584660.0
0.31372541166974566	457108.06	131300660.0
0.31475748146894583	458016.51	131574940.0
0.31578953892571743	469020.65	131377070.0
0.31682140880901855	464337.0	131311160.0
0.31785350038435084	474794.39	131661350.0
0.3188853856760343	464407.27	131553600.0
0.3199174072061185	468176.62	131566790.0
0.32094947779146066	477083.19	131556790.0
0.3219814108019608	464215.14	131266610.0
0.32301342038268727	475393.28	131407820.0
0.32404540913065194	476456.03	131511030.0
0.3250773308993221	480341.48	131534260.0
0.32610934849869655	483158.28	131538780.0
0.3271412931440975	487667.78	131738400.0
0.32817340099256836	477621.6	131395770.0
0.3292053446159848	469341.4	131636790.0
0.33023729555052145	496278.71	131801490.0
0.3312692793457918	491394.3	131698240.0
0.3323013803548277	487918.66	131760620.0
0.33333332751588296	501307.86	131772640.0
0.33436531280482296	500986.04	131687080.0
0.3353973954967513	502784.85	131531870.0
0.3364293058663631	498279.43	131781130.0
0.3374612507476067	500594.87	131785560.0
0.3384933273862419	499489.1	131672350.0
0.3395252083541445	504796.58	131767570.0
0.3405572937189555	500258.9	131698310.0
0.34158929622440437	512036.97	131769710.0
0.3426212759317365	510540.94	131766510.0
0.343653221992193	504090.05	131745850.0
0.3446852226109012	509763.59	131847270.0
0.3457171456373984	515491.68	131776870.0
0.34674928398817706	526928.54	131738970.0
0.3477811942791746	525303.73	132020090.0
0.34881317225699454	526404.94	131819780.0
0.34984526296757074	520228.1	131987410.0
0.3508771973931264	526776.97	131676670.0
0.3519091087847227	518646.14	132012700.0
0.35294112410428535	525473.02	131688890.0
0.3539732056956149	538751.28	132129300.0
0.35500512652091465	536286.43	131932890.0
0.35603719050266436	536378.32	131765310.0
0.3570691405724449	536450.27	131893830.0
0.3581010551086089	542341.29	132169080.0
0.35913309998710924	535850.98	131971050.0
0.36016508456852153	542367.22	131902660.0
0.361197069228548	540660.79	131770180.0
0.36222907346350924	534661.62	132000070.0
0.36326102691370005	554751.22	132036740.0
0.364293026195967	556664.52	132023240.0
0.3653250809012416	563588.62	132189360.0
0.36635706563988235	556283.7	131912720.0
0.3673889899242067	545255.19	132248040.0
0.36842104289996896	550803.41	132096230.0
0.36945303848736866	560684.28	131866510.0
0.3704850545930733	557031.38	132138460.0
0.371517098449589	569461.04	132067710.0
0.3725490338971291	575692.73	132112560.0
0.37358105047451906	575485.96	132240430.0
0.3746129427628659	570402.47	132055070.0
0.375644960283626	566278.01	131738710.0
0.3766770293752984	565329.66	132087830.0
0.3777089771652673	567278.76	132323360.0
0.3787410448418842	571455.11	132319780.0
0.3797728776978992	590049.24	132297780.0
0.3808049190387606	580602.59	132172390.0
0.3818369334149532	590117.1	132241510.0
0.3828689116286155	587011.58	132195980.0
0.38390084141593367	595701.41	132317880.0
0.38493285854362286	579543.31	132096330.0
0.3859649558577914	595493.91	131956510.0
0.3869969113519514	581141.46	132442580.0
0.388028937441659	590608.23	132365680.0
0.3890608179378764	590536.18	132269000.0
0.3900928893093606	606417.59	132051840.0
0.39112483725655783	599789.52	132347260.0
0.3921568357526828	606307.86	132096940.0
0.3931888638077452	614428.98	132392500.0
0.3942208799920642	602782.18	132502600.0
0.39525275443498864	618465.35	132441640.0
0.39628474381186685	616654.78	132345600.0
0.397316755672405	602116.46	132568740.0
0.39834879567682513	600304.54	132351400.0
0.3993807341117046	619419.9	132195630.0
0.400412802810306	620097.96	132296520.0
0.40144474863491997	621205.19	132600900.0
0.40247677181590213	624164.87	132352760.0
0.40350880215077634	631441.26	132455310.0
0.4045407442019088	621776.77	132529310.0
0.4055727378239536	629637.34	132524210.0
0.4066046997644776	630886.6	132710570.0
0.4076367281339967	630423.05	132593210.0
0.4086686798546753	629737.15	132745820.0
0.4097006675806553	631479.27	132548050.0
0.41073273918798214	634255.52	132577660.0
0.41176468194664245	659164.96	132542060.0
0.41279673610161777	641826.2	132760840.0
0.41382870543187616	649119.09	132627300.0
0.414860626728861	639562.01	132824550.0
0.4158925848959035	640861.19	132923650.0
0.41692466302820846	656332.26	132767900.0
0.4179565841679651	662848.43	132911050.0
0.4189886149745243	638004.34	133100740.0
0.4200206524632901	653718.16	132593460.0
0.4210525964797775	669169.32	132740950.0
0.4220846766560514	659379.08	132825250.0
0.42311663215021145	655554.34	133017390.0
0.424148519485864	673304.55	132818500.0
0.4251805634996081	657601.41	133055070.0
0.42621252261002107	672535.69	133147990.0
0.42724452259981555	668505.67	132829500.0
0.4282766088293826	685404.56	133352780.0
0.42930850764270767	664195.15	133104720.0
0.4303404905732219	684211.65	133060100.0
0.43137251060963633	678542.53	133020800.0
0.4324045045461379	683051.55	133231140.0
0.4334365408556909	682828.12	133288950.0
0.4344684399834727	677030.82	133196580.0
0.4355004305395638	676841.56	133091750.0
0.4365324317871855	697318.49	133176610.0
0.4375644971053766	694050.11	133256480.0
0.4385964051165624	705431.66	133454840.0
0.4396284481869362	688643.74	133233610.0
0.44066045320803926	679377.52	133251650.0
0.4416925006021939	698883.03	133695440.0
0.4427244714261219	704366.62	133517800.0
0.4437563920155791	705200.74	133345810.0
0.4447884593777393	696270.06	133437450.0
0.44582051046676097	726130.49	133379510.0
0.4468523709949729	708158.95	133326460.0
0.4478844506209475	723596.38	133733260.0
0.4489164162563388	716015.8	133549590.0
0.4499484016238931	706821.47	133524450.0
0.4509804282639	713030.28	133653850.0
0.4520123655981808	712479.52	133555100.0
0.4530442973508537	726695.04	133662290.0
0.4540763228116478	713637.07	133317390.0
0.4551083881298389	715927.09	133625280.0
0.4561403775853313	748663.52	133529270.0
0.4571723704998484	737677.72	133759830.0
0.45820430579016014	740150.5	133986760.0
0.45923629563872354	718977.86	133802670.0
0.46026832377240007	735455.56	133580030.0
0.46130024648444057	744914.87	133797210.0
0.4623323020544713	740765.93	133788630.0
0.46336423420021516	736960.0	133743610.0
0.46439628458170906	729559.11	133804670.0
0.4654282548553379	754742.66	133840170.0
0.46646022788046343	764453.98	133753320.0
0.4674921739409198	754351.4	134070440.0
0.4685242060053062	744326.86	133688080.0
0.4695561839831261	752907.93	133756920.0
0.4705882403392988	752053.64	134052620.0
0.4716203190219032	769158.74	133986800.0
0.4726522825347111	760558.26	133813020.0
0.47368419054589694	772008.84	133798760.0
0.47471612277025504	753250.72	134145010.0
0.47574811324773203	785601.01	134012290.0
0.476780111350786	758828.66	134048130.0
0.47781222478086477	781211.23	134133970.0
0.4788441775235279	758758.47	134211730.0
0.47987618450998604	785979.49	134298180.0
0.4809081965277526	780833.6	133743050.0
0.48194019062148247	773720.45	133905770.0
0.4829721414774049	775649.52	134184050.0
0.4840040770035592	787152.76	134051350.0
0.48503611944501945	799364.39	134113320.0
0.4860680708512412	799985.02	134209980.0
0.4871000434046816	783499.24	134444700.0
0.4881321073078172	790722.4	134366710.0
0.4891640350511662	799951.62	134528880.0
0.4901960762347992	779980.15	134165710.0
0.4912281053118462	819892.97	134294100.0
0.4922600192977109	807393.54	134305590.0
0.493292019444734	790089.94	134395600.0
0.49432405771964183	816856.98	134621000.0
0.49535596400131543	800891.45	134410570.0
0.49638804205500614	818398.93	134656720.0
0.4974199762447191	812863.98	134403130.0
0.4984520458080768	816680.01	134333290.0
0.49948394855211165	815132.92	134451330.0
0.500515930775098	814642.52	134651400.0
0.501548038702183	821839.71	134522810.0
0.5025799834261983	830689.42	134716590.0
0.5036118875066744	828329.76	134792120.0
0.504643912024098	843461.91	134849250.0
0.5056758863070507	812119.53	134635210.0
0.5067079881022284	829095.16	134742830.0
0.5077399356563546	832645.05	134751700.0
0.508771982971895	830552.2	134740530.0
0.509803996404717	845801.77	135006920.0
0.5108358701401136	845368.13	134957580.0
0.5118678970945774	853079.68	134969960.0
0.5128999408724788	848695.63	134907310.0
0.5139318902347316	866317.78	135071190.0
0.514963858778848	834856.36	134814940.0
0.5159959033428915	850231.96	134579230.0
0.5170278631608322	857010.38	135355380.0
0.51805981299477	837713.79	135010420.0
0.5190918516627487	871421.66	135413410.0
0.5201238212288498	870076.83	135104410.0
0.5211558545510633	856279.86	135215840.0
0.5221877484116939	881725.57	135111960.0
0.5232197524894268	861098.94	135106870.0
0.5242518031067631	871582.87	135264380.0
0.5252838473563499	858458.81	135050080.0
0.5263158252555556	889093.4	135579330.0
0.5273477582660556	875276.66	135275480.0
0.5283797176909254	876615.72	135234620.0
0.5294117483402563	890619.84	135471860.0
0.5304437755305625	877254.08	135382320.0
0.5314757337762194	880273.11	135280390.0
0.5325077255901376	893386.0	135318230.0
0.5335397537238142	893935.66	135096450.0
0.5345717217176313	891942.07	135811800.0
0.5356037005602073	888687.87	135531850.0
0.5366357632055158	898007.21	135431810.0
0.5376677275044657	911384.6	135393680.0
0.5386997241138498	900069.87	135604730.0
0.539731713490728	917963.23	135758090.0
0.5407636564852311	903674.5	135797360.0
0.5417956406735723	899650.05	135640340.0
0.5428276530057956	903452.34	135565230.0
0.5438595815352866	914413.51	135488210.0
0.5448915812892385	909789.0	135635630.0
0.5459235584023022	942185.71	135704270.0
0.546955642509286	909106.62	135647560.0
0.5479875563379225	911209.09	136018870.0
0.5490195997227529	947418.64	135969950.0
0.5500516365826053	917237.74	135895110.0
0.5510836082712897	930921.45	135777480.0
0.5521155488287524	940873.98	135729720.0
0.5531476093514774	938649.8	136026800.0
0.5541796247496544	941672.39	135932320.0
0.5552115469900097	915792.88	135953430.0
0.5562436069624356	950510.4	135819620.0
0.5572754913893627	937088.47	135801960.0
0.5583074554524701	952844.02	136091590.0
0.5593394923123224	946702.29	136093550.0
0.5603715431655016	952156.21	136029830.0
0.5614034471673635	956098.87	135982720.0
0.5624355144509094	953046.53	136179700.0
0.5634675222235095	959978.7	136282090.0
0.5644994045278534	954231.27	136073780.0
0.5655314663084058	981152.62	135932430.0
0.5665634564714259	943279.53	136231480.0
0.5675955090541173	970104.01	136039180.0
0.5686274454450279	979601.8	135976530.0
0.5696594411110416	971547.47	136054620.0
0.5706914429875769	960971.08	136268460.0
0.5717234500526492	993460.39	136321990.0
0.5727554815667363	964317.86	136282580.0
0.5737873784933205	994317.34	136088100.0
0.5748193758888468	986457.59	136321530.0
0.5758514217107173	993452.26	136322060.0
0.576883393949701	969171.89	136281770.0
0.5779153689401814	988744.22	136207300.0
0.5789473216042305	1001381.6	136193650.0
0.5799793873941066	1004119.0	136228870.0
0.5810112851854471	983547.64	136287270.0
0.5820433150486359	997512.26	136340310.0
0.5830752691277404	1022399.3	136184820.0
0.584107270768433	996988.24	136430310.0
0.5851392797988603	996317.8	136267060.0
0.586171382773251	1019176.5	136320160.0
0.5872033363806702	1013185.9	136325710.0
0.5882353020160614	1023928.1	136567700.0
0.5892672291304969	1014435.6	136083600.0
0.5902992300636618	1024841.3	136182770.0
0.591331249549777	1006725.9	136494440.0
0.5923632050439369	1032153.7	136434160.0
0.5933952624220943	1029725.5	136333480.0
0.5944271753073602	1025171.8	136394040.0
0.5954592069000614	1035662.9	136181540.0
0.5964911594854962	1029236.9	136420620.0
0.597523242806338	1030665.6	136363180.0
0.5985552259726947	1053860.0	136373690.0
0.5995871971110797	1031770.0	136528900.0
0.6006192128237134	1047747.9	136639160.0
0.6016511373438804	1051077.4	136139660.0
0.6026831381198169	1048289.4	136483370.0
0.603715094478733	1047237.8	136544400.0
0.6047472142765615	1060986.5	136493350.0
0.6057791576641355	1047467.0	136304920.0
0.6068111209411008	1058841.6	136421640.0
0.607843168571098	1056227.7	136330400.0
0.6088751256375419	1076093.6	136667530.0
0.6099071277499196	1078332.2	136582570.0
0.6109390720022497	1063323.0	136642620.0
0.611971095576303	1076928.1	136420820.0
0.6130030320458276	1072717.0	136336830.0
0.6140350476012328	1066544.4	136721650.0
0.6150670237709263	1068476.6	136575710.0
0.6160990898752594	1097489.6	136552350.0
0.617131093088236	1063218.4	136610820.0
0.6181630762545927	1082883.7	136674660.0
0.6191950169692839	1103980.3	136295210.0
0.6202270355120287	1095833.8	136561270.0
0.6212590831420259	1113146.5	136697580.0
0.6222910507427719	1086443.7	136624530.0
0.6233229882342812	1092425.2	136562200.0
0.6243549845292087	1108213.5	136803640.0
0.6253870071598915	1090239.6	136807680.0
0.6264189448086293	1104789.5	136254640.0
0.6274509563547106	1110971.7	136870030.0
0.6284829219114875	1124268.9	136359920.0
0.6295149706420833	1102759.2	136503800.0
0.6305469233061322	1125181.3	136682500.0
0.6315789384684666	1123015.5	136722730.0
0.632611003550815	1129663.4	136724590.0
0.6336428933235075	1105300.1	136640290.0
0.6346749541606895	1139212.1	136498750.0
0.6357068383517742	1126384.1	136645180.0
0.636738904377493	1131270.8	136658250.0
0.6377708753586495	1132229.7	136639180.0
0.6388029477521181	1144147.9	136572640.0
0.6398348252609962	1148125.0	136461730.0
0.6408668535519011	1115149.5	136479020.0
0.6418988784623958	1157504.5	136489380.0
0.6429308963762269	1138078.7	136741270.0
0.6439627856772343	1184470.8	136636800.0
0.6449947685291343	1125719.9	136645350.0
0.6460268511424484	1191110.5	136506320.0
0.6470588323434503	1145247.4	136213090.0
0.6480907799761907	1141928.7	136561850.0
0.6491228228893361	1168315.1	136649430.0
0.6501548699690338	1182354.5	136404950.0
0.6511868264851782	1165446.0	136781820.0
0.6522187699513663	1165095.1	136544770.0
0.6532507653815377	1166385.6	136446280.0
0.6542828178856149	1170783.3	136334400.0
0.655314744921436	1189809.8	136532140.0
0.6563467701463874	1188152.8	136590050.0
0.6573787687997408	1193218.8	136371790.0
0.65841074489082	1178998.3	136531530.0
0.6594427602103827	1174783.4	136667310.0
0.66047476287306	1197209.1	136467080.0
0.6615066788242796	1193314.9	136717920.0
0.6625387423343442	1210554.0	136476520.0
0.6635707001083159	1191666.0	136688980.0
0.6646026832746726	1194095.2	136537590.0
0.6656346144770462	1209961.7	136686420.0
0.6666665934768506	1221606.4	136531880.0
0.6676986533706621	1211603.1	136447520.0
0.6687306040693562	1240230.8	136755770.0
0.6697626647493098	1200351.9	136616320.0
0.6707946090016399	1215554.6	136551180.0
0.6718265802186388	1217977.5	136857200.0
0.6728585598473569	1210711.3	136689560.0
0.6738906578690532	1221687.9	136569580.0
0.6749225714618471	1240321.5	136546250.0
0.6759545962937274	1219006.0	136816130.0
0.6769865798531551	1235179.5	136376140.0
0.6780185480828148	1251240.3	137175610.0
0.6790506064043426	1241438.3	136547730.0
0.6800825893348568	1251060.8	136795100.0
0.6811145521401369	1253797.6	136605640.0
0.6821465576329252	1261089.8	136796500.0
0.6831785216960324	1239137.2	136732000.0
0.684210508321414	1253965.6	136864230.0
0.6852425543791271	1244692.2	136604250.0
0.6862744780345379	1255069.3	136643600.0
0.6873065336045687	1280691.3	136501770.0
0.6883384648855565	1274774.1	136873700.0
0.6893704137761241	1250688.9	137006550.0
0.6904024650223741	1257953.8	136794090.0
0.6914345111587015	1298765.4	136669660.0
0.6924664366222387	1286611.7	136612080.0
0.6934984040657565	1273729.8	136771710.0
0.6945305050747923	1261425.6	136877660.0
0.6955624302238729	1289214.9	136937870.0
0.6965943631557586	1315190.8	136724890.0
0.6976264045752342	1264363.9	137021150.0
0.6986583492992494	1309813.6	136897400.0
0.6996904327773197	1281722.6	136638860.0
0.7007223720769554	1294768.9	136593430.0
0.7017544360587051	1301667.1	136760360.0
0.7027863581418321	1318892.8	136943620.0
0.7038182973628536	1315909.7	136940360.0
0.7048503361094466	1315997.9	137061290.0
0.7058822919966776	1314549.0	137021190.0
0.7069144167472005	1303001.3	136530050.0
0.7079463482640307	1319947.8	136906130.0
0.7089783131132799	1315618.4	136836740.0
0.7100102969871644	1326013.3	136960240.0
0.71104225633342	1335619.5	136769350.0
0.7120742876116645	1314527.8	137119920.0
0.7131062335935067	1351907.9	137048720.0
0.7141382992261546	1343143.4	136788470.0
0.7151702067656553	1315020.8	137134480.0
0.7162022559679362	1343357.9	137060630.0
0.7172343399176917	1372419.0	137221890.0
0.7182662225364925	1333453.8	136725970.0
0.7192982874616125	1348185.1	137040950.0
0.7203301671716882	1359569.2	137237580.0
0.7213621759662726	1357539.0	137169410.0
0.7223942875882248	1359773.0	137019970.0
0.7234261529905168	1358996.3	137285530.0
0.7244581845832179	1374590.1	137356600.0
0.725490274822109	1361518.4	137012980.0
0.7265222436020681	1375765.2	137299990.0
0.7275541916278794	1378859.7	137068090.0
0.7285861919321307	1364010.7	137342130.0
0.7296181377567448	1389368.1	137234540.0
0.7306502399449935	1385985.5	137326900.0
0.7316821376577197	1374072.7	137202660.0
0.7327141735742017	1397465.6	137071710.0
0.7337460923555323	1380005.2	137221530.0
0.7347781559442111	1399357.6	137177210.0
0.7358101607294717	1415348.9	137661840.0
0.7368420817906141	1402094.1	137177160.0
0.7378741501747588	1388936.5	137506950.0
0.7389060568495034	1406330.5	136932540.0
0.7399381606886501	1416443.3	137190550.0
0.7409700946425205	1409509.4	137500090.0
0.7420020758435225	1424322.5	137202140.0
0.7430340715095363	1412821.4	137309080.0
0.744065992649293	1421936.5	137290550.0
0.7450979877650074	1417239.8	137122300.0
0.7461299761985153	1435679.7	137693980.0
0.7471620444254315	1420411.5	137144190.0
0.7481940599808369	1451025.8	137691850.0
0.7492260065129787	1426886.7	137470360.0
0.7502579921163754	1454984.4	137358460.0
0.7512899684432972	1458182.7	137494850.0
0.7523219965769739	1436869.5	137532850.0
0.7533539663789175	1434876.7	137659360.0
0.7543859166845406	1451602.7	137315110.0
0.755417923435156	1453591.6	137418220.0
0.7564499104536083	1462447.0	137823540.0
0.7574819491215871	1467228.8	137541040.0
0.7585138930594604	1450163.5	137464430.0
0.7595458644336878	1487470.3	137823470.0
0.760577897677287	1480548.1	137792820.0
0.7616099025411618	1486222.5	137920680.0
0.7626418593717632	1448942.2	137706180.0
0.7636738585754158	1483637.5	137581720.0
0.7647058698856546	1465851.8	137797920.0
0.7657379223897318	1503967.9	137626610.0
0.7667699193135727	1501148.7	138029820.0
0.7678019043666703	1496425.0	137949110.0
0.7688338765270397	1489507.4	137912350.0
0.7698657960158981	1496101.5	137755020.0
0.7708978330329789	1497423.5	137822070.0
0.7719297825524599	1508091.3	137946870.0
0.7729618197267689	1516836.2	137789750.0
0.7739938363041589	1501767.2	137966740.0
0.775025739991564	1527317.0	138008180.0
0.7760577530313151	1510134.3	138041060.0
0.7770898348584871	1527693.4	137890950.0
0.7781218014372487	1544688.0	137840340.0
0.7791537675443251	1497649.8	138000920.0
0.7801858070770601	1542147.5	137947770.0
0.7812177173680577	1551602.3	138105720.0
0.7822496819814643	1542095.8	137942920.0
0.7832817368439674	1528333.8	137751040.0
0.7843137904486434	1550648.2	138142330.0
0.7853457409114948	1534413.4	137951920.0
0.7863776559193442	1521965.7	138131390.0
0.7874096971029771	1569773.7	138104690.0
0.788441660615785	1584711.3	138196400.0
0.789473651486333	1574718.6	137874030.0
0.7905056638185564	1566341.2	137975680.0
0.7915376008383804	1553337.4	137798500.0
0.7925696263777885	1566096.9	138338920.0
0.7936016817905909	1580299.7	138220690.0
0.7946336317817573	1562603.7	137881300.0
0.7956655823232229	1613006.6	138208110.0
0.7966976889924808	1541327.9	137971380.0
0.7977296313580701	1601095.6	138028980.0
0.7987615955784059	1603779.3	138191250.0
0.7997936398279926	1601709.7	138066920.0
0.8008255761402888	1589905.4	137915600.0
0.8018575331281185	1585383.8	138272670.0
0.8028896377534073	1618788.6	138162850.0
0.8039215604654477	1631679.1	137707930.0
0.8049535997623402	1578516.3	138397080.0
0.8059854915790017	1613061.6	138142890.0
0.8070175987199448	1632999.1	137901270.0
0.8080495208030717	1644028.1	138094620.0
0.8090815330566807	1633925.9	138135380.0
0.8101134755794985	1599654.0	138091670.0
0.8111454648777625	1602737.0	138036370.0
0.812177563764215	1637858.1	138066600.0
0.8132095125761684	1675088.0	138213740.0
0.8142414466872672	1667742.2	138128680.0
0.8152734374005868	1622449.6	137886310.0
0.8163055339286134	1649258.8	137941660.0
0.8173374464994226	1645078.1	138193840.0
0.8183693903586817	1633221.0	138305550.0
0.8194014373597652	1714401.5	138025500.0
0.8204334299598255	1631468.0	137885870.0
0.8214654172141204	1695946.2	137849910.0
0.8224974715263241	1672295.2	138122390.0
0.8235293640505136	1657327.8	138197970.0
0.8245613619177249	1663202.2	137969280.0
0.8255933455557669	1675190.2	137838800.0
0.8266254151977387	1689556.7	138093040.0
0.8276573249384368	1717908.2	137835500.0
0.828689369345252	1688153.7	138151170.0
0.8297214087993726	1688150.2	137835580.0
0.8307534186159418	1703697.5	137660860.0
0.8317854164831531	1727519.7	138137790.0
0.8328173494936532	1700704.2	138100290.0
0.8338492971263936	1706849.0	137703180.0
0.8348812938930062	1701864.1	137773280.0
0.8359133005650075	1716917.6	138016720.0
0.8369453237459897	1728456.1	137622510.0
0.8379773388297098	1731750.8	137817910.0
0.8390092407876028	1721049.2	137760770.0
0.8400412935275225	1744875.0	137906970.0
0.8410732079064582	1740593.1	137669250.0
0.8421053183491976	1714106.5	137413480.0
0.8431372438127348	1757648.9	137822620.0
0.8441692157372617	1759851.2	137342830.0
0.8452012661973698	1760089.1	137496600.0
0.8462332139873386	1745398.0	137564070.0
0.8472652055654144	1756128.4	137472270.0
0.8482972648303123	1740473.5	137571820.0
0.8493291983124975	1812466.5	137368260.0
0.8503611559292409	1747523.6	137224700.0
0.8513931699909765	1796858.8	137086110.0
0.8524252138474921	1757663.0	137425310.0
0.8534572303462677	1773073.3	137467970.0
0.8544891929157054	1804962.0	137055260.0
0.8555211191653848	1793059.3	136992430.0
0.8565531251298582	1780083.4	137001040.0
0.8575851649770498	1791337.6	137097490.0
0.8586171517596597	1821970.2	137177860.0
0.8596491637774261	1827631.5	136801500.0
0.8606811749304365	1801651.1	137135730.0
0.8617130629736167	1798476.3	136437610.0
0.8627450649287662	1807810.8	136760460.0
0.863777133705982	1793970.8	136964480.0
0.8648090789802966	1868625.8	136619290.0
0.8658410476030272	1842875.9	136910290.0
0.8668730960977803	1827725.3	136390660.0
0.8679050512774835	1825053.5	136592830.0
0.8689370839707835	1842012.0	136391950.0
0.8699690794009547	1856060.9	136258770.0
0.8710010680703053	1847250.8	136582380.0
0.8720330085491539	1843387.8	136289910.0
0.8730650772477554	1848417.6	136379480.0
0.8740969448512448	1904218.5	136155500.0
0.8751289817897113	1868816.2	136049680.0
0.8761610511172263	1854470.1	135838500.0
0.8771929776027482	1850076.0	135956750.0
0.878225050074831	1907007.9	135982900.0
0.879256919093376	1895892.0	135917440.0
0.8802890057946282	1868693.7	135670630.0
0.881320894073651	1894087.2	135448040.0
0.8823529001953528	1903869.1	135662410.0
0.8833848891005459	1898398.5	135472820.0
0.8844169287905093	1900701.1	135407080.0
0.885448868090145	1910563.4	134888610.0
0.8864808610046621	1920568.0	135285490.0
0.8875128694847898	1913288.4	135093770.0
0.888544938497848	1921923.7	134934260.0
0.8895769175762667	1906940.7	135003320.0
0.890608819376931	1959250.0	134920400.0
0.8916408271495311	1934666.5	134708380.0
0.8926728677042505	1920628.6	134431330.0
0.8937049225667536	1944181.1	134572730.0
0.8947368248391032	1980550.9	134425370.0
0.8957688664944214	1955338.6	134367520.0
0.8968008862163791	1938144.2	134299550.0
0.8978328342421906	1952855.3	133844660.0
0.8988648089968284	1971218.8	134229060.0
0.8998968466428227	1977258.5	134056460.0
0.9009288246992568	1981899.7	133669600.0
0.9019608449715137	1982203.4	133824850.0
0.9029927661112704	1981122.5	133741470.0
0.9040247849684718	1975650.3	133925120.0
0.9050567585438969	1989762.8	133533700.0
0.9060887074344645	2024133.3	133540030.0
0.9071207188233175	1977673.0	133715850.0
0.9081527431835126	2024323.0	133275720.0
0.9091847180953788	1989104.5	133511280.0
0.91021676092991	2066631.3	133353750.0
0.9112487346625633	2014430.5	133278680.0
0.9122806789935075	1979033.0	133332960.0
0.9133126825995551	2054520.8	132972120.0
0.9143446505933722	2063148.8	133132720.0
0.9153766442940311	2049958.7	133132420.0
0.9164087034017008	2011881.7	132957620.0
0.9174406174661798	2051623.9	132595520.0
0.918472614075564	2067763.2	133018300.0
0.9195046068328526	2063644.4	132734860.0
0.9205366860657562	2036297.7	132435900.0
0.9215686340915676	2103971.6	132217940.0
0.9226005884851289	2078705.0	132560650.0
0.9236326287253916	2062244.2	132398340.0
0.924664618573955	2081383.9	131933450.0
0.9256965414432239	2127192.4	131994070.0
0.926728589073221	2070208.1	132189250.0
0.9277606764033868	2089471.2	131794490.0
0.9287925774965234	2104679.7	131642410.0
0.9298245987907651	2165172.7	131851170.0
0.9308565946926215	2079115.0	131464340.0
0.9318886563159454	2098703.0	131641130.0
0.9329205600819648	2141398.7	131463880.0
0.9339525865647432	2143715.9	131394430.0
0.9349845183960305	2128314.3	131385990.0
0.9360165315930099	2150367.8	131391020.0
0.9370484570565472	2151636.4	131057780.0
0.938080456731885	2139041.0	131128210.0
0.9391124996450304	2186308.8	131103140.0
0.9401445300585186	2141167.9	131036320.0
0.9411765479723498	2166992.6	130940660.0
0.9422084122740431	2198630.2	131022470.0
0.9432404683943733	2193056.9	131081930.0
0.9442724836353218	2148092.7	130739160.0
0.9453044296957782	2208823.0	130938530.0
0.9463364687568281	2201911.2	130796690.0
0.9473684534168546	2201724.8	130832030.0
0.9484003547458338	2195626.6	130741440.0
0.9494323851593222	2225261.3	130698560.0
0.9504643388453556	2246538.8	130633080.0
0.9514963874187231	2206089.2	130567960.0
0.9525283758522309	2242761.2	130543100.0
0.9535603137368112	2224778.9	130601510.0
0.9545923152202754	2231454.3	130451290.0
0.9556243375365016	2260514.4	130341590.0
0.9566563349320277	2269666.9	130477900.0
0.9576883165261006	2261323.9	130058310.0
0.9587203450528482	2277734.6	130293590.0
0.9597523328574425	2252217.0	130191010.0
0.9607843346553637	2313414.9	129985910.0
0.9618163164852791	2269677.4	130100650.0
0.9628482862872227	2309694.7	129893350.0
0.9638803093895908	2296780.7	130018860.0
0.9649122431076186	2296461.4	129878630.0
0.9659442500940766	2336369.2	129912360.0
0.9669762625049141	2331922.1	129798160.0
0.9680082830916279	2300876.3	129666770.0
0.9690402357556769	2354771.2	129651500.0
0.9700723009952538	2357489.9	129367710.0
0.9711042998058353	2328157.2	129338180.0
0.9721363098582471	2360531.5	129005260.0
0.9731682188128034	2370961.9	129091510.0
0.9742001789452008	2365347.7	128698970.0
0.975232250316685	2375104.6	128548280.0
0.9762641646170065	2413614.5	128549750.0
0.9772961542297274	2366137.0	128178610.0
0.97832819690703	2422166.2	128256350.0
0.979360177714961	2402364.9	128180220.0
0.9803921108826895	2436979.6	128033550.0
0.9814241214067863	2394557.6	127768710.0
0.9824561062240412	2447792.0	127738300.0
0.9834881387601127	2440181.7	127243240.0
0.984520095983785	2462729.2	127126960.0
0.9855521546983836	2484496.4	126708380.0
0.986584058071332	2448420.2	126426520.0
0.9876161487819082	2490694.5	125931730.0
0.9886481845411618	2487220.5	125798190.0
0.9896801194384025	2507123.6	125316420.0
0.9907120583449672	2513172.4	125083240.0
0.9917441440242349	2523954.6	124908070.0
0.9927760537649332	2520041.3	124652660.0
0.9938080639745732	2551738.2	124622530.0
0.994839986843842	2565578.4	124369550.0
0.9958720553852151	2567640.0	124034580.0
0.9969040252657729	2572158.3	123486650.0
0.997935978794578	2602525.1	122474830.0
0.9989680423046425	2637520.0	122283220.0
1.0	2636711.6	126202040.0
