remnant_mass_fraction	density,	T,
0.0	1.0130862	10094159.0
0.0010001199179100473	1.0796419	10675364.0
0.002000103631083827	1.170174	11416246.0
0.00300012459488197	1.3203992	12171002.0
0.00400018501844146	1.4293508	12966221.0
0.005000200497485063	1.5895995	13747247.0
0.006000083275941037	1.7399383	14649477.0
0.007000216981914664	1.9371403	15740864.0
0.008000112329599629	2.1980233	16930825.0
0.009000147462346786	2.444787	18083920.0
0.01000022555900415	2.7365078	19360050.0
0.011000176211296786	3.1139471	20567898.0
0.01200016251449365	3.4678025	21770660.0
0.013000149884170531	3.8959494	23084043.0
0.014000115467183827	4.3389503	24396767.0
0.01500013391713606	4.955057	25839630.0
0.016000098128960638	5.6637715	27840812.0
0.01700008481304327	6.296781	29679232.0
0.018000078200714698	7.0082575	31614472.0
0.01900008027258071	7.5224107	33398511.0
0.020000077545286543	8.2892351	35194710.0
0.021000074970346727	9.0099027	37184201.0
0.022000073461886926	10.081903	39183382.0
0.023000113698502855	11.397748	41455868.0
0.024000211753572254	12.567968	43782257.0
0.025000075487741857	13.870578	45832751.0
0.026000139263095856	15.329108	48160427.0
0.027000096466623158	17.854958	52082935.0
0.028000082617465782	21.709842	57584028.0
0.02900012917678474	25.924361	62551816.0
0.030000179697315388	30.015811	66336699.0
0.03100013141608804	33.246938	69108112.0
0.03200020806537973	35.459759	71035305.0
0.033000155594409386	38.330505	73588359.0
0.03400016231308134	44.711451	79078293.0
0.035000199121725695	56.621801	87271700.0
0.03600017102744213	72.552162	95122841.0
0.037000114595260314	87.853035	100622760.0
0.03800016785816818	100.49457	104468190.0
0.039000132069992755	112.82363	107640080.0
0.04000018213346046	126.89588	111076040.0
0.041000132481044504	144.67697	115178380.0
0.042000210653879044	166.24942	120033250.0
0.043000205641270495	192.75538	126195100.0
0.04400012064265901	231.8315	134428610.0
0.04500014617708592	296.09289	144902830.0
0.04600012029193945	387.91701	157373440.0
0.047000165937132854	497.90717	169435840.0
0.04800016016275277	633.34041	179989530.0
0.04900013062110331	795.66701	189336090.0
0.05000011052541997	999.82395	197108930.0
0.051000183975271396	1212.2673	204521320.0
0.052000084579179484	1481.4525	210740880.0
0.05300017318828287	1812.4617	215212500.0
0.05400012985857017	2221.7805	216345160.0
0.05500009749836632	2772.924	213426210.0
0.05600017810886948	3415.0919	208733500.0
0.05700014049244262	4159.8465	202746610.0
0.05800014987731461	5041.5939	198136720.0
0.05900023642963503	5862.1532	193478290.0
0.06000007593947221	6935.7172	189105240.0
0.06100016416768994	7971.7229	184691180.0
0.06200007254166673	9002.8539	180669120.0
0.06300013677408356	10330.782	177560910.0
0.06400019811176882	11312.297	174405270.0
0.0650001252253235	12656.36	171974870.0
0.06600020316962651	13883.207	170420760.0
0.0670001534410335	14930.123	168710330.0
0.06800011681490958	16638.2	166353910.0
0.0690001066222552	17581.345	164944090.0
0.07000017862474084	19187.829	163386330.0
0.07100015251106295	20600.234	160940450.0
0.07200017423663252	21806.467	159318190.0
0.07300008801918678	23300.275	157782630.0
0.07400017876125031	25064.495	155898170.0
0.0750001856322764	26518.906	154889880.0
0.07600023478161844	27765.627	153475670.0
0.07700021072472352	28965.37	151853080.0
0.0780002039600407	30615.867	150776500.0
0.07900025813707434	32341.394	150388920.0
0.08000017595701725	33984.518	149781400.0
0.08100018899839234	35570.877	148597200.0
0.08200017720601771	36137.171	148185590.0
0.08300010340544672	38401.382	147304030.0
0.08400012475013063	39432.312	147088070.0
0.0850000798206978	41377.126	146149350.0
0.0860001357498058	43054.344	145769850.0
0.0870001886318279	44418.626	145616010.0
0.08800011094622251	45222.018	144878590.0
0.08900007477716143	47639.72	144356870.0
0.09000012948743508	48412.846	144165070.0
0.0910000869194938	50314.624	144180910.0
0.09200010933065772	51680.389	143344220.0
0.09300007209511651	54442.034	142979830.0
0.09400015979009424	53637.516	142860870.0
0.09500011249916984	56645.586	142285850.0
0.09600014618455144	58946.63	142277430.0
0.09700008518174075	58851.067	141805600.0
0.09800019984342812	60349.482	141364240.0
0.09900017951921325	62176.231	141329940.0
0.10000012621029453	63957.781	141258980.0
0.101000256716828	66586.562	140650770.0
0.10200008487627055	68051.576	140534670.0
0.10300011688575483	68486.681	140367060.0
0.10400009442857994	68491.709	140129410.0
0.10500018539917488	73275.433	139123290.0
0.10600013925090768	73500.035	139395310.0
0.10700011793638997	73245.685	139419920.0
0.10800006980751697	77503.723	138908350.0
0.10900009328516092	78189.551	138910900.0
0.11000018067543005	79380.29	138656580.0
0.11100011845378521	82590.637	138103720.0
0.11200016150895553	81710.339	137903260.0
0.113000139737375	84164.198	137636160.0
0.11400012733558329	85139.692	137658860.0
0.11500013466367232	89273.756	137853010.0
0.11600013726877823	88204.972	136945750.0
0.11700013995006142	91329.425	136734620.0
0.11800010332393751	89658.331	136851360.0
0.1190000861991628	95408.598	136916810.0
0.12000015629721983	95950.555	136697220.0
0.12100008272518026	97104.744	136383750.0
0.12200007794110312	98202.438	136088350.0
0.12300019267896745	99718.134	136006360.0
0.12400019170374765	103828.74	135933700.0
0.12500020108861964	102098.28	135891750.0
0.12600006649868645	102977.21	135614420.0
0.12700015815487575	108454.39	135617010.0
0.12800010621714553	107709.49	135174850.0
0.1290001787528713	111206.07	135132530.0
0.13000009253542544	109502.1	135003400.0
0.13100009262668566	110349.43	134994340.0
0.13200008251020834	117087.81	134446050.0
0.13300016807222592	118187.41	134788330.0
0.1340001903310355	116728.67	134417900.0
0.1350001277285049	120361.24	134497320.0
0.1360001074804672	119996.91	134255910.0
0.13700019060481616	121516.26	134083880.0
0.13800007307856366	124554.63	134173930.0
0.13900013906305475	127913.97	133555420.0
0.14000008445912449	128065.78	133586130.0
0.14100006619169259	126494.34	133427720.0
0.14200016036172758	130123.78	133422470.0
0.1430000666789215	133555.97	133141370.0
0.1440002153156158	132527.18	132904840.0
0.14500010335029478	137215.25	133308520.0
0.14600022715323946	137218.68	132781310.0
0.14700017521550923	137796.86	132951160.0
0.14800011337475005	141245.95	132594400.0
0.1490000838331006	140882.06	132241890.0
0.15000007737312626	144227.92	132318550.0
0.1510001016887188	147480.95	132156670.0
0.15200017810947897	145905.03	132142650.0
0.15300007391422688	148428.8	132068310.0
0.15400007697639584	150074.38	131884270.0
0.15500018143034544	150580.26	131333940.0
0.15600014373774151	153747.37	131781860.0
0.15700014580960753	155266.23	131810310.0
0.15800006416279044	155391.47	131410240.0
0.15900015520956257	159369.25	131298700.0
0.16000006411677947	161266.96	131087020.0
0.16100015036439141	164675.18	131272070.0
0.16200009705547258	160852.74	131056460.0
0.1630001671535296	161216.26	131058930.0
0.16400017996637317	167306.04	130600050.0
0.1650001345798774	169178.73	130698260.0
0.16600010747589666	169044.85	130698080.0
0.16700013727624374	171987.44	130575770.0
0.1680000929562281	172536.63	130485470.0
0.1690001393631928	176669.55	130623710.0
0.17000010898359474	176521.72	130244930.0
0.17100008431728264	175784.41	130334180.0
0.1720000714584281	180810.61	130398610.0
0.17300013949970228	181589.92	130193150.0
0.1740001222987505	185201.04	129978460.0
0.1750001520229203	185936.98	129740450.0
0.17600018639389603	182679.54	129925820.0
0.1770001146501079	189440.03	129672800.0
0.1780000947067789	187309.37	129385630.0
0.17900008222881003	193386.43	129706840.0
0.1800001377770324	189149.86	129662030.0
0.18100006306233563	194484.14	129697660.0
0.18200007183779043	197472.01	129172510.0
0.18300021148558143	199524.26	129454490.0
0.18400012869610727	200118.4	129257980.0
0.18500018241607796	201361.14	129367650.0
0.18600012232739316	200809.82	129327050.0
0.1870001151056474	204339.99	129387360.0
0.18800017019680682	204316.52	129109060.0
0.1890001419501688	212671.41	129049690.0
0.19000007005402642	208641.66	128906990.0
0.19100014091385487	208174.51	128898770.0
0.19200011076278822	212898.89	129206590.0
0.19300017286224502	215760.67	128911730.0
0.19400009167249088	213781.33	128861280.0
0.19500018401427444	217873.44	129083000.0
0.1960000910932399	221846.83	128985450.0
0.19700011259027805	225136.16	128839360.0
0.19800013340172185	221629.6	128971170.0
0.1990000684376998	222182.58	128416620.0
0.20000020389574769	223412.18	128961800.0
0.2010001289525195	226221.37	128794360.0
0.20200006429320605	228268.52	128777160.0
0.20300008518082702	233072.49	128793480.0
0.20400014994648386	234404.42	128771470.0
0.20500012337574314	233504.04	128484800.0
0.20600017168713647	235814.44	128717780.0
0.20700012698623516	238976.63	128587860.0
0.20800016600401683	238858.24	128791710.0
0.20900013966180753	242682.14	128836490.0
0.21000006433769358	236582.22	128760510.0
0.21100016490660878	246063.2	128558120.0
0.21200011434006727	245928.13	128816200.0
0.21300022694497156	250640.1	128784320.0
0.2140001806443501	248482.48	128756360.0
0.2150000577856973	255043.59	128661890.0
0.21600011325774238	251909.05	128780040.0
0.21700008501110435	250352.05	128537430.0
0.21800013873107504	257934.95	128792140.0
0.21900014301207837	254401.27	128721530.0
0.22000016961298519	262347.03	128794460.0
0.22100016673333678	261205.68	128790150.0
0.22200010778730916	261251.33	128866470.0
0.22300006758085933	262765.38	128877060.0
0.22400018170930658	267734.88	128708200.0
0.22500015232001136	267063.58	128656600.0
0.22600012148335047	267356.88	129131580.0
0.22700008645694658	271739.53	128871590.0
0.22800013888190584	273732.73	129024370.0
0.22900019450630527	280439.96	128812680.0
0.23000006128756068	272056.82	129196780.0
0.23100012932883474	277247.86	129040550.0
0.23200008119996185	284624.01	128858200.0
0.23300013149196108	280459.52	128925560.0
0.2340001028644373	278174.14	129247680.0
0.23500010760250345	287673.96	129016500.0
0.23600009047772874	282135.98	129055760.0
0.23700005682251335	290822.12	129260550.0
0.23800017308392074	290151.25	129417920.0
0.2390001890200273	286246.3	129022860.0
0.2400000875671524	291846.09	129064630.0
0.24100011081626482	297327.38	129388380.0
0.2420002011774426	300252.33	129556670.0
0.24300011823561418	299258.65	129331240.0
0.24400006050842082	302401.13	129392410.0
0.2450000975455967	299730.42	129321290.0
0.246000137934567	300539.03	129508580.0
0.24700014541501036	304451.17	129546480.0
0.24800011678748657	308135.68	129580500.0
0.24900009440648885	305518.68	129594910.0
0.2500001647330773	315559.89	129643640.0
0.2510000851430432	305259.92	129566850.0
0.25200013535886523	314487.53	129884890.0
0.253000094923884	314605.67	129576900.0
0.2540001335607799	319322.88	129740420.0
0.25500012930994287	321021.41	129997690.0
0.2560001332862375	322996.1	129694920.0
0.257000114714097	319099.64	129925400.0
0.2580000817444761	321644.38	129782380.0
0.25900005517373537	321004.13	130017470.0
0.26000010310424304	325044.44	129885280.0
0.2610000726484679	336130.14	129869250.0
0.2620000990970205	326572.18	130337010.0
0.26300012089876723	334800.88	130040790.0
0.2640001331021936	334573.8	130251840.0
0.26500010325583556	337345.74	130056130.0
0.26600014006448003	335826.37	130175040.0
0.26700006816833755	340969.63	130252120.0
0.26800010962378784	347249.18	130190970.0
0.26900008510983	338560.82	130135280.0
0.27000017569953916	343999.85	130316530.0
0.27100009138652215	342824.94	130132860.0
0.27200019081278015	348575.87	130278880.0
0.27300006094582996	349474.73	130367930.0
0.27400013363390985	352751.19	130555700.0
0.2750000935036372	348253.51	130459410.0
0.2760000649522907	358380.35	130576650.0
0.27700015165696545	356438.87	130532450.0
0.2780001028424982	357853.83	130373800.0
0.2790001426982285	363134.24	130520380.0
0.28000006455556004	359711.7	130598600.0
0.2810001588779494	365407.69	130429760.0
0.2820001812891133	362687.36	130581820.0
0.28300011320182816	371585.57	130391340.0
0.28400007124330406	370113.88	130650060.0
0.28500006805894706	371808.39	130755460.0
0.28600014387028994	364999.34	130820490.0
0.2870001179089664	373181.17	130852070.0
0.28800017650427445	378350.72	130515470.0
0.2890001388116705	377934.04	130745210.0
0.2900001487297825	380884.46	130785680.0
0.2910001109610013	376959.35	130852600.0
0.29200017709784687	379752.17	130701460.0
0.2930001389481799	388320.61	130766310.0
0.2940000643858375	389607.9	130797370.0
0.2950001855225821	393049.58	130719430.0
0.296000107532268	384998.21	130941330.0
0.2970000526998062	389460.71	130918120.0
0.29800017277007085	398801.08	130721910.0
0.2990000698698302	395297.55	130798180.0
0.30000009167157693	399996.96	130979600.0
0.3010001873651549	394680.71	130982050.0
0.3020001440354422	396089.99	130934560.0
0.30300010801873534	398862.44	130905390.0
0.3040000683455255	401370.85	130709970.0
0.3050000604381855	409871.91	131105720.0
0.30600014082015714	403942.2	131154510.0
0.3070001348934229	422488.72	131079130.0
0.3080001061135449	410589.06	131051830.0
0.30900019121849964	414648.87	131223680.0
0.3100001545923756	421158.64	130988070.0
0.31100006570872973	413412.09	130984830.0
0.31200009985117405	417355.38	130906100.0
0.31300013566951557	415832.51	130925000.0
0.31400010521374044	417743.72	130937850.0
0.3150000621887362	422600.8	131277090.0
0.3160000676885737	420530.15	131239570.0
0.31700014197637383	431371.89	131042950.0
0.3180001832794699	438763.78	131443170.0
0.31900005821167987	431671.83	131094480.0
0.32000007323366064	433598.48	131129780.0
0.3210001108802536	440555.23	131354050.0
0.3220000680076037	433781.21	131401950.0
0.3230001614158674	432268.94	131194770.0
0.32400012204736617	437740.36	131113920.0
0.32500014674384436	434666.22	131199000.0
0.32600006601115306	455597.63	131078440.0
0.32700006648329893	444013.32	131492380.0
0.32800006908840496	455529.62	131128280.0
0.32900016440109714	441205.1	131311750.0
0.3300000835160516	452542.1	131468680.0
0.33100005846885383	454518.97	131323560.0
0.33200013671786544	454245.44	131216480.0
0.3330001254587309	451158.98	131584660.0
0.33400006445592034	457108.06	131300660.0
0.33500013996255473	458016.51	131574940.0
0.3360002035093773	469020.65	131377070.0
0.33700008529753034	464337.0	131311160.0
0.33800018190523407	474794.39	131661350.0
0.33900007862410775	464407.27	131553600.0
0.3400001073579747	468176.62	131566790.0
0.3410001836263805	477083.19	131556790.0
0.3420001265847816	464215.14	131266610.0
0.34300014373972243	475393.28	131407820.0
0.34400014070771967	476456.03	131511030.0
0.3450000727727889	480341.48	131534260.0
0.3460000976977986	483158.28	131538780.0
0.34700005193041716	487667.78	131738400.0
0.34800016430679004	477621.6	131395770.0
0.34900011754910565	469341.4	131636790.0
0.35000007787589593	496278.71	131801490.0
0.351000070044733	491394.3	131698240.0
0.35200017579369425	487918.66	131760620.0
0.35300013246398154	501307.86	131772640.0
0.3540001260801843	500986.04	131687080.0
0.3550002140798706	502784.85	131531870.0
0.35600013509925366	498279.43	131781130.0
0.35700008956040374	500594.87	131785560.0
0.35800017169444975	499489.1	131672350.0
0.35900006422358033	504796.58	131767570.0
0.3600001548132895	500258.9	131698310.0
0.3610001651122873	512036.97	131769710.0
0.36200015331991275	510540.94	131766510.0
0.3630001089237199	504090.05	131745850.0
0.36400011739446614	509763.59	131847270.0
0.3650000506783696	515491.68	131776870.0
0.366000192611475	526928.54	131738970.0
0.367000113554681	525303.73	132020090.0
0.36800010008640927	526404.94	131819780.0
0.3690001958561644	520228.1	131987410.0
0.3700001401857541	526776.97	131676670.0
0.37100006219544	518646.14	132012700.0
0.3720000849113124	525473.02	131688890.0
0.3730001718445186	538751.28	132129300.0
0.37400010299546205	536286.43	131932890.0
0.37500017286498766	536378.32	131765310.0
0.37600013235382923	536450.27	131893830.0
0.37700005741060105	542341.29	132169080.0
0.3780001087690803	535850.98	131971050.0
0.3790001016996888	542367.22	131902660.0
0.38000009470647456	540660.79	131770180.0
0.3810001066813694	534661.62	132000070.0
0.3820000694458283	554751.22	132036740.0
0.3830000766215631	556664.52	132023240.0
0.38400013750218553	563588.62	132189360.0
0.38500013058514826	556283.7	131912720.0
0.3860000650878861	545255.19	132248040.0
0.3870001242926113	550803.41	132096230.0
0.3880001278880202	560684.28	131866510.0
0.3890001513656641	557031.38	132138460.0
0.3900002017338404	569461.04	132067710.0
0.391000147053733	575692.73	132112560.0
0.39200017098843987	575485.96	132240430.0
0.3930000744870794	570402.47	132055070.0
0.39400009933591185	566278.01	131738710.0
0.3950001741569519	565329.66	132087830.0
0.39600013143665636	567278.76	132323360.0
0.39700020488650767	571455.11	132319780.0
0.39800005079522516	590049.24	132297780.0
0.39900009872573294	580602.59	132172390.0
0.4000001205274797	590117.1	132241510.0
0.4010001072877394	587011.58	132195980.0
0.4020000471228775	595701.41	132317880.0
0.4030000715908243	579543.31	132096330.0
0.4040001737594596	595493.91	131956510.0
0.4050001385045242	581141.46	132442580.0
0.4060001716566657	590608.23	132365680.0
0.40700006372873343	590536.18	132269000.0
0.4080001407589108	606417.59	132051840.0
0.4090000981909695	599789.52	132347260.0
0.41000010460493275	606307.86	132096940.0
0.41100013966150284	614428.98	132392500.0
0.41200016321532396	602782.18	132502600.0
0.4130000494217515	618465.35	132441640.0
0.4140000469991659	616654.78	132345600.0
0.41500006636324394	602116.46	132568740.0
0.4160001129987402	600304.54	132351400.0
0.4170000612133642	619419.9	132195630.0
0.41800013565351846	620097.96	132296520.0
0.4190000910287942	621205.19	132600900.0
0.4200001213623812	624164.87	132352760.0
0.4210001586280885	631441.26	132455310.0
0.42200011034686113	621776.77	132529310.0
0.4230001120378415	629637.34	132524210.0
0.42400008302943204	630886.6	132710570.0
0.4250001183907107	630423.05	132593210.0
0.4260000794792723	629737.15	132745820.0
0.4270000754569666	631479.27	132548050.0
0.4280001527156754	634255.52	132577660.0
0.4290001051200425	659164.96	132542060.0
0.4300001654674248	641826.2	132760840.0
0.4310001436196671	649119.09	132627300.0
0.4320000752276735	639562.01	132824550.0
0.4330000425627609	640861.19	132923650.0
0.4340001261441727	656332.26	132767900.0
0.43500005759982485	662848.43	132911050.0
0.436000095322595	638004.34	133100740.0
0.4370001395204225	653718.16	132593460.0
0.43800009314362387	669169.32	132740950.0
0.43900017870564134	659379.08	132825250.0
0.44000014345070604	655554.34	133017390.0
0.4410000421501854	673304.55	132818500.0
0.44200009267071605	657601.41	133055070.0
0.4430000609199294	672535.69	133147990.0
0.44400006878125853	668505.67	132829500.0
0.4450001602089162	685404.56	133352780.0
0.446000070030259	664195.15	133104720.0
0.44700006136114734	684211.65	133060100.0
0.4480000886476486	678542.53	133020800.0
0.44900009064333746	683051.55	133231140.0
0.4500001336985079	682828.12	133288950.0
0.45100004382455905	677030.82	133196580.0
0.45200004254463066	676841.56	133091750.0
0.45300005162479395	697318.49	133176610.0
0.4540001227893311	694050.11	133256480.0
0.4550000415233998	705431.66	133454840.0
0.45600009112980466	688643.74	133233610.0
0.45700010386647094	679377.52	133251650.0
0.4580001576626189	698883.03	133695440.0
0.4590001372622269	704366.62	133517800.0
0.4600000681846389	705200.74	133345810.0
0.46100014132978184	696270.06	133437450.0
0.4620001987062555	726130.49	133379510.0
0.4630000714293284	708158.95	133326460.0
0.464000156458106	723596.38	133733260.0
0.46500013103002247	716015.8	133549590.0
0.4660001247224025	706821.47	133524450.0
0.46700015840778397	713030.28	133653850.0
0.46800010555592797	712479.52	133555100.0
0.4690000472954947	726695.04	133662290.0
0.4700000798382189	713637.07	133317390.0
0.47100015100275605	715927.09	133625280.0
0.47200014865634765	748663.52	133529270.0
0.47300014966173365	737677.72	133759830.0
0.47400009482927186	740150.5	133986760.0
0.4750000928637491	718977.86	133802670.0
0.4760001279964964	735455.56	133580030.0
0.47700006097569125	744914.87	133797210.0
0.4780001226942623	740765.93	133788630.0
0.4790000648147147	736960.0	133743610.0
0.480000121505594	729559.11	133804670.0
0.4810001005719621	754742.66	133840170.0
0.4820000823045302	764453.98	133753320.0
0.48300003790833734	754351.4	134070440.0
0.48400007684994173	744326.86	133688080.0
0.4850000633816701	752907.93	133756920.0
0.4860001258620126	752053.64	134052620.0
0.4870002099766644	769158.74	133986800.0
0.4880001824917979	760558.26	133813020.0
0.48900010122586657	772008.84	133798760.0
0.49000004342249615	753250.72	134145010.0
0.4910000420663906	785601.01	134012290.0
0.4920000480994682	758828.66	134048130.0
0.4930001658844184	781211.23	134133970.0
0.4940001279632831	758758.47	134211730.0
0.4950001426043781	785979.49	134298180.0
0.49600016212081044	780833.6	133743050.0
0.49700016426885363	773720.45	133905770.0
0.4980001245194666	775649.52	134184050.0
0.49900006991553636	787152.76	134051350.0
0.500000118912524	799364.39	134113320.0
0.5010000796963772	799985.02	134209980.0
0.5020000609718824	783499.24	134444700.0
0.503000130765231	790722.4	134366710.0
0.5040000686197631	799951.62	134528880.0
0.5050001163979165	779980.15	134165710.0
0.5060001524447895	819892.97	134294100.0
0.5070000769683212	807393.54	134305590.0
0.5080000849820046	790089.94	134395600.0
0.5090001299416036	816856.98	134621000.0
0.5100000469997752	800891.45	134410570.0
0.5110001305050098	818398.93	134656720.0
0.512000074606068	812863.98	134403130.0
0.513000149884171	816680.01	134333290.0
0.5140000635143709	815132.92	134451330.0
0.5150000541596651	814642.52	134651400.0
0.516000166612215	821839.71	134522810.0
0.5170001209210107	830689.42	134716590.0
0.5180000358462222	828329.76	134792120.0
0.5190000674748207	843461.91	134849250.0
0.5200000504262231	812119.53	134635210.0
0.5210001569369558	829095.16	134742830.0
0.5220001139881287	832645.05	134751700.0
0.5230001677080994	830552.2	134740530.0
0.5240001885957204	845801.77	135006920.0
0.5250000741165536	845368.13	134957580.0
0.5260001081066437	853079.68	134969960.0
0.5270001583986428	848695.63	134907310.0
0.5280001172018901	866317.78	135071190.0
0.529000094592361	834856.36	134814940.0
0.5300001456461316	850231.96	134579230.0
0.5310001145809392	857010.38	135355380.0
0.5320000738412494	837713.79	135010420.0
0.5330001191817341	871421.66	135413410.0
0.5340000975625078	870076.83	135104410.0
0.5350001377229465	856279.86	135215840.0
0.536000042745129	881725.57	135111960.0
0.5370000545676696	861098.94	135106870.0
0.5380001114870805	871582.87	135264380.0
0.5390001622361427	858458.81	135050080.0
0.5400001486916937	889093.4	135579330.0
0.5410000916500948	875276.66	135275480.0
0.5420000602040167	876615.72	135234620.0
0.5430000977744325	890619.84	135471860.0
0.544000131993054	877254.08	135382320.0
0.5450000994043187	880273.11	135280390.0
0.5460000993432246	893386.0	135318230.0
0.5470001344759718	893935.66	135096450.0
0.5480001113332027	891942.07	135811800.0
0.5490000987028796	888687.87	135531850.0
0.5500001672773938	898007.21	135431810.0
0.5510001405542987	911384.6	135393680.0
0.5520001451400105	900069.87	135604730.0
0.5530001427174249	917963.23	135758090.0
0.5540000953503235	903674.5	135797360.0
0.5550000879000462	899650.05	135640340.0
0.5560001077211871	903452.34	135565230.0
0.5570000463374909	914413.51	135488210.0
0.5580000539702885	909789.0	135635630.0
0.5590000396640682	942185.71	135704270.0
0.5600001290349431	909106.62	135647560.0
0.5610000534061206	911209.09	136018870.0
0.562000103317234	947418.64	135969950.0
0.5630001469056445	917237.74	135895110.0
0.564000127343201	930921.45	135777480.0
0.565000077614608	940873.98	135729720.0
0.5660001441323392	938649.8	136026800.0
0.5670001669243889	941672.39	135932320.0
0.5680000994465209	915792.88	135953430.0
0.5690001654310121	950510.4	135819620.0
0.5700000613119371	937088.47	135801960.0
0.5710000343603107	952844.02	136091590.0
0.5720000779487211	946702.29	136093550.0
0.5730001350966634	952156.21	136029830.0
0.5740000499456976	956098.87	135982720.0
0.5750001230146634	953046.53	136179700.0
0.57600013841753	959978.7	136282090.0
0.577000032241672	954231.27	136073780.0
0.5780000999782375	981152.62	135932430.0
0.5790000983174235	943279.53	136231480.0
0.580000157141263	970104.01	136039180.0
0.5810001033752812	979601.8	135976530.0
0.5820001070468672	971547.47	136054620.0
0.5830001167364478	960971.08	136268460.0
0.58400013145372	993460.39	136321990.0
0.5850001698620845	964317.86	136282580.0
0.5860000778551757	994317.34	136088100.0
0.587000083202659	986457.59	136321530.0
0.588000135475264	993452.26	136322060.0
0.5890001164460605	969171.89	136281770.0
0.5900001000830574	988744.22	136207300.0
0.5910000620857447	1001381.6	136193650.0
0.5920001337073447	1004119.0	136228870.0
0.5930000425383846	983547.64	136287270.0
0.5940000793470289	997512.26	136340310.0
0.5950000427209049	1022399.3	136184820.0
0.5960000521819541	996988.24	136430310.0
0.5970000688036549	996317.8	136267060.0
0.5980001764570446	1019176.5	136320160.0
0.5990001393738579	1013185.9	136325710.0
0.6000001139457742	1023928.1	136567700.0
0.6010000511908894	1014435.6	136083600.0
0.6020000599663442	1024841.3	136182770.0
0.6030000867196055	1006725.9	136494440.0
0.6040000514646701	1032153.7	136434160.0
0.6050001149353155	1029725.5	136333480.0
0.6060000383923672	1025171.8	136394040.0
0.6070000768769087	1035662.9	136181540.0
0.608000038803419	1029236.9	136420620.0
0.6090001274125225	1030665.6	136363180.0
0.6100001189719424	1053860.0	136373690.0
0.611000098876259	1031770.0	136528900.0
0.6120001219730172	1047747.9	136639160.0
0.6130000567042866	1051077.4	136139660.0
0.614000065327387	1048289.4	136483370.0
0.6150000309104002	1047237.8	136544400.0
0.6160001548656993	1060986.5	136493350.0
0.6170001078794836	1047467.0	136304920.0
0.6180000801660857	1058841.6	136421640.0
0.6190001341907649	1056227.7	136330400.0
0.6200001004593725	1076093.6	136667530.0
0.6210001103774845	1078332.2	136582570.0
0.6220000642292174	1063323.0	136642620.0
0.62300009494369	1076928.1	136420820.0
0.6240000412538855	1072717.0	136336830.0
0.6250000641982894	1066544.4	136721650.0
0.6260000489779434	1068476.6	136575710.0
0.627000120904252	1097489.6	136552350.0
0.628000131888844	1063218.4	136610820.0
0.6290001234482638	1082883.7	136674660.0
0.6300000738720251	1103980.3	136295210.0
0.6310000997111606	1095833.8	136561270.0
0.63200015373584	1113146.5	136697580.0
0.633000130212185	1086443.7	136624530.0
0.6340000775126833	1092425.2	136562200.0
0.6350000817936866	1108213.5	136803640.0
0.6360001115940336	1090239.6	136807680.0
0.6370000590468862	1104789.5	136254640.0
0.6380000781062556	1110971.7	136870030.0
0.639000052601995	1124268.9	136359920.0
0.6400001076931543	1102759.2	136503800.0
0.6410000696958417	1125181.3	136682500.0
0.6420000922593598	1123015.5	136722730.0
0.6430001631953655	1129663.4	136724590.0
0.6440000642563364	1105300.1	136640290.0
0.6450001310787762	1139212.1	136498750.0
0.6460000267311699	1126384.1	136645180.0
0.6470000985813011	1131270.8	136658250.0
0.6480000783332636	1132229.7	136639180.0
0.6490001563537436	1144147.9	136572640.0
0.6500000455310799	1148125.0	136461730.0
0.6510000808161813	1115149.5	136479020.0
0.6520001128256656	1157504.5	136489380.0
0.6530001380553838	1138078.7	136741270.0
0.6540000386592919	1184470.8	136636800.0
0.6550000299140032	1125719.9	136645350.0
0.6560001178375123	1191110.5	136506320.0
0.6570001074925036	1145247.4	136213090.0
0.6580000646198536	1141928.7	136561850.0
0.6590001140739042	1168315.1	136649430.0
0.6600001675653435	1182354.5	136404950.0
0.6610001333007112	1165446.0	136781820.0
0.6620000863906725	1165095.1	136544770.0
0.6630000898337272	1166385.6	136446280.0
0.6640001485813896	1170783.3	136334400.0
0.6650000857503274	1189809.8	136532140.0
0.6660001180645203	1188152.8	136590050.0
0.6670001246308379	1193218.8	136371790.0
0.6680001093343146	1178998.3	136531530.0
0.6690001320501872	1174783.4	136667310.0
0.6700001425015392	1197209.1	136467080.0
0.6710000689294996	1193314.9	136717920.0
0.6720001383419623	1210554.0	136476520.0
0.6730001052961642	1191666.0	136688980.0
0.6740000968555842	1194095.2	136537590.0
0.6750000380619108	1209961.7	136686420.0
0.676000025583942	1221606.4	136531880.0
0.6770000914922559	1211603.1	136447520.0
0.6780000515905147	1240230.8	136755770.0
0.6790001182606002	1200351.9	136616320.0
0.680000072112333	1215554.6	136551180.0
0.6810000520928269	1217977.5	136857200.0
0.6820000402242752	1210711.3	136689560.0
0.6830001430785049	1221687.9	136569580.0
0.6840000672211509	1240321.5	136546250.0
0.685000099154458	1219006.0	136816130.0
0.6860000910947637	1235179.5	136376140.0
0.687000068180526	1251240.3	137175610.0
0.688000132565297	1241438.3	136547730.0
0.6890001238961855	1251060.8	136795100.0
0.6900000957257246	1253797.6	136605640.0
0.691000108919454	1261089.8	136796500.0
0.6920000819678275	1239137.2	136732000.0
0.6930000768790419	1253965.6	136864230.0
0.6940001293801783	1244692.2	136604250.0
0.695000063273499	1255069.3	136643600.0
0.69600012499207	1280691.3	136501770.0
0.6970000662745737	1274774.1	136873700.0
0.6980000246207582	1250688.9	137006550.0
0.6990000821495861	1257953.8	136794090.0
0.7000001347268997	1298765.4	136669660.0
0.7010000703722947	1286611.7	136612080.0
0.7020000466962855	1273729.8	136771710.0
0.7030001524452467	1261425.6	136877660.0
0.7040000877859331	1289214.9	136937870.0
0.705000030668157	1315190.8	136724890.0
0.7060000786748418	1264363.9	137021150.0
0.7070000329836374	1309813.6	136897400.0
0.7080001217450953	1281722.6	136638860.0
0.709000070797668	1294768.9	136593430.0
0.7100001406671936	1301667.1	136760360.0
0.7110000730369713	1318892.8	136943620.0
0.7120000220133669	1315909.7	136940360.0
0.7130000674300287	1315997.9	137061290.0
0.7140000325559791	1314549.0	137021190.0
0.7150001613104382	1303001.3	136530050.0
0.7160001028214735	1319947.8	136906130.0
0.7170000766316185	1315618.4	136836740.0
0.7180000688766326	1326013.3	136960240.0
0.7190000373543775	1335619.5	136769350.0
0.7200000755342104	1314527.8	137119920.0
0.7210000310618405	1351907.9	137048720.0
0.7220001025310862	1343143.4	136788470.0
0.723000020808092	1315020.8	137134480.0
0.7240000763563141	1343357.9	137060630.0
0.7250001655748348	1372419.0	137221890.0
0.7260000597036854	1333453.8	136725970.0
0.7270001304873368	1348185.1	137040950.0
0.728000021797633	1359569.2	137237580.0
0.7290000381908024	1357539.0	137169410.0
0.7300001542236783	1359773.0	137019970.0
0.731000031669734	1358996.3	137285530.0
0.7320000701542757	1374590.1	137356600.0
0.733000165466968	1361518.4	137012980.0
0.7340001430859702	1375765.2	137299990.0
0.735000100594206	1378859.7	137068090.0
0.7360001087602437	1364010.7	137342130.0
0.7370000641355194	1389368.1	137234540.0
0.7380001710271378	1385985.5	137326900.0
0.7390000797820004	1374072.7	137202660.0
0.740000122456285	1397465.6	137071710.0
0.7410000516266226	1380005.2	137221530.0
0.7420001211152625	1399357.6	137177210.0
0.7430001336233976	1415348.9	137661840.0
0.7440000650028724	1402094.1	137177160.0
0.7450001391383181	1388936.5	137506950.0
0.7460000565773754	1406330.5	136932540.0
0.7470001650687138	1416443.3	137190550.0
0.7480001089412405	1409509.4	137500090.0
0.7490000985962318	1424322.5	137202140.0
0.7500001022678179	1412821.4	137309080.0
0.7510000337234699	1421936.5	137290550.0
0.7520000368618159	1417239.8	137122300.0
0.7530000335251046	1435679.7	137693980.0
0.7540001075081961	1420411.5	137144190.0
0.7550001304526	1451025.8	137691850.0
0.7560000865134701	1426886.7	137470360.0
0.7570000804343815	1454984.4	137358460.0
0.7580000653663898	1458182.7	137494850.0
0.7590001004991369	1436869.5	137532850.0
0.760000079108442	1434876.7	137659360.0
0.7610000388258151	1451602.7	137315110.0
0.7620000532383787	1453591.6	137418220.0
0.7630000485304788	1462447.0	137823540.0
0.7640000938709635	1467228.8	137541040.0
0.7650000474179878	1450163.5	137464430.0
0.7660000275508358	1487470.3	137823470.0
0.7670000676350974	1480548.1	137792820.0
0.7680000802194096	1486222.5	137920680.0
0.7690000462594857	1448942.2	137706180.0
0.7700000533590433	1483637.5	137581720.0
0.7710000721898813	1465851.8	137797920.0
0.7720001309375437	1503967.9	137626610.0
0.7730001358279641	1501148.7	138029820.0
0.7740001292156355	1496425.0	137949110.0
0.775000110110255	1489507.4	137912350.0
0.776000039966187	1496101.5	137755020.0
0.7770000837069517	1497423.5	137822070.0
0.7780000426625533	1508091.3	137946870.0
0.7790000865556722	1516836.2	137789750.0
0.780000110490379	1501767.2	137966740.0
0.7810000250347047	1527317.0	138008180.0
0.78200004554144	1510134.3	138041060.0
0.7830001327031776	1527693.4	137890950.0
0.7840001081892198	1544688.0	137840340.0
0.7850000832181991	1497649.8	138000920.0
0.7860001293966324	1542147.5	137947770.0
0.7870000503398383	1551602.3	138105720.0
0.7880000239214519	1542095.8	137942920.0
0.7890000849544286	1528333.8	137751040.0
0.7900001447685709	1550648.2	138142330.0
0.7910001046382984	1534413.4	137951920.0
0.792000030152133	1521965.7	138131390.0
0.7930000779302864	1569773.7	138104690.0
0.7940000504454199	1584711.3	138196400.0
0.7950000494702001	1574718.6	137874030.0
0.796000069291341	1566341.2	137975680.0
0.7970000161347764	1553337.4	137798500.0
0.7980000487536778	1566096.9	138338920.0
0.7990001103198946	1580299.7	138220690.0
0.8000000697325591	1562603.7	137881300.0
0.8010000296784635	1613006.6	138208110.0
0.8020001409121792	1541327.9	137971380.0
0.8030000929356605	1601095.6	138028980.0
0.8040000661363884	1603779.3	138191250.0
0.8050001168854504	1601709.7	138066920.0
0.8060000630432915	1589905.4	137915600.0
0.807000029235722	1585383.8	138272670.0
0.8080001384888319	1618788.6	138162850.0
0.8090000714680268	1631679.1	137707930.0
0.8100001174179287	1578516.3	138397080.0
0.8110000204595054	1613061.6	138142890.0
0.8120001321502839	1632999.1	137901270.0
0.8130000645200617	1644028.1	138094620.0
0.8140000842650255	1633925.9	138135380.0
0.8150000364408612	1599654.0	138091670.0
0.8160000339420983	1602737.0	138036370.0
0.8170001376342766	1637858.1	138066600.0
0.8180000959042839	1675088.0	138213740.0
0.8190000399291649	1667742.2	138128680.0
0.8200000388015908	1622449.6	137886310.0
0.8210001402084547	1649258.8	137941660.0
0.8220000633607978	1645078.1	138193840.0
0.8230000168316449	1633221.0	138305550.0
0.8240000702469071	1714401.5	138025500.0
0.8250000709475845	1631468.0	137885870.0
0.826000066468216	1695946.2	137849910.0
0.8270001269679527	1672295.2	138122390.0
0.8280000306951237	1657327.8	138197970.0
0.8290000364996699	1663202.2	137969280.0
0.8300000285161526	1675190.2	137838800.0
0.8310001038704328	1689556.7	138093040.0
0.8320000242803987	1717908.2	137835500.0
0.833000075181815	1688153.7	138151170.0
0.8340001212840712	1688150.2	137835580.0
0.8350001386675434	1703697.5	137660860.0
0.8360001444720896	1727519.7	138137790.0
0.8370000874304906	1700704.2	138100290.0
0.8380000445578407	1706849.0	137703180.0
0.8390000492959069	1701864.1	137773280.0
0.8400000636322933	1716917.6	138016720.0
0.8410000939658803	1728456.1	137622510.0
0.8420001164532214	1731750.8	137817910.0
0.8430000293216497	1721049.2	137760770.0
0.8440000882978436	1744875.0	137906970.0
0.845000013202261	1740593.1	137669250.0
0.8460001280924798	1714106.5	137413480.0
0.8470000637378747	1757648.9	137822620.0
0.8480000444039628	1759851.2	137342830.0
0.8490001011710194	1760089.1	137496600.0
0.8500000584507238	1745398.0	137564070.0
0.8510000581610984	1756128.4	137472270.0
0.8520001234599952	1740473.5	137571820.0
0.853000066875459	1812466.5	137368260.0
0.8540000336773066	1747523.6	137224700.0
0.8550000551743449	1796858.8	137086110.0
0.8560001055425212	1757663.0	137425310.0
0.8570001294010507	1773073.3	137467970.0
0.8580001010020586	1804962.0	137055260.0
0.859000037409225	1793059.3	136992430.0
0.8600000510600172	1780083.4	137001040.0
0.8610000975431591	1791337.6	137097490.0
0.8620000926067276	1821970.2	137177860.0
0.86300011212316	1827631.5	136801500.0
0.8640001308016437	1801651.1	137135730.0
0.8650000301867175	1798476.3	136437610.0
0.8660000399524752	1807810.8	136760460.0
0.8670001144688066	1793970.8	136964480.0
0.8680000693108424	1868625.8	136619290.0
0.8690000467774903	1842875.9	136910290.0
0.8700001016401183	1827725.3	136390660.0
0.8710000660804744	1825053.5	136592830.0
0.872000105631496	1842012.0	136391950.0
0.8730001090745506	1856060.9	136258770.0
0.8740001059663707	1847250.8	136582380.0
0.8750000561616006	1843387.8	136289910.0
0.876000130601755	1848417.6	136379480.0
0.8770000101807708	1904218.5	136155500.0
0.8780000538453583	1868816.2	136049680.0
0.8790001288949298	1854470.1	135838500.0
0.8800000655306277	1850076.0	135956750.0
0.8810001436272851	1907007.9	135982900.0
0.8820000245774895	1895892.0	135917440.0
0.8830001164622102	1868693.7	135670630.0
0.8840000160758154	1894087.2	135448040.0
0.8850000298789618	1903869.1	135662410.0
0.8860000269993134	1898398.5	135472820.0
0.8870000733301009	1900701.1	135407080.0
0.8880000223826736	1910563.4	134888610.0
0.8890000233880595	1920568.0	135285490.0
0.8900000394765204	1913288.4	135093770.0
0.8910001142213833	1921923.7	134934260.0
0.8920001018195917	1906940.7	135003320.0
0.8930000145356658	1959250.0	134920400.0
0.8940000299385323	1934666.5	134708380.0
0.8950000771072686	1920628.6	134431330.0
0.8960001381402453	1944181.1	134572730.0
0.8970000513133823	1980550.9	134425370.0
0.8980000995485986	1955338.6	134367520.0
0.8990001265303912	1938144.2	134299550.0
0.9000000840386271	1952855.3	133844660.0
0.9010000674470924	1971218.8	134229060.0
0.9020001117972741	1977258.5	134056460.0
0.9030000984051796	1981899.7	133669600.0
0.9040001259202123	1982203.4	133824850.0
0.9050000573758643	1981122.5	133741470.0
0.9060000835197083	1975650.3	133925120.0
0.9070000657855164	1989762.8	133533700.0
0.9080000241317009	2024133.3	133540030.0
0.9090000430387161	1977673.0	133715850.0
0.9100000745149602	2024323.0	133275720.0
0.9110000580757799	1989104.5	133511280.0
0.9120001074536533	2066631.3	133353750.0
0.9130000898718158	2014430.5	133278680.0
0.9140000437997258	1979033.0	133332960.0
0.9150000551652036	2054520.8	132972120.0
0.9160000320224343	2063148.8	133132720.0
0.9170000337895917	2049958.7	133132420.0
0.9180000989361343	2011881.7	132957620.0
0.9190000235358432	2051623.9	132595520.0
0.920000028121555	2067763.2	133018300.0
0.9210000289745868	2063644.4	132734860.0
0.9220001136224786	2036297.7	132435900.0
0.9230000711307144	2103971.6	132217940.0
0.924000034809299	2078705.0	132560650.0
0.9250000816733266	2062244.2	132398340.0
0.926000079707804	2081383.9	131933450.0
0.9270000128393532	2127192.4	131994070.0
0.9280000668640325	2070208.1	132189250.0
0.9290001593581703	2089471.2	131794490.0
0.9300000713886503	2104679.7	131642410.0
0.9310000998939858	2165172.7	131851170.0
0.9320001037941033	2079115.0	131464340.0
0.9330001713783145	2098703.0	131641130.0
0.9340000859988173	2141398.7	131463880.0
0.9350001195318445	2143715.9	131394430.0
0.9360000613475883	2128314.3	131385990.0
0.9370000820066778	2150367.8	131391020.0
0.9380000176520729	2151636.4	131057780.0
0.9390000252086934	2139041.0	131128210.0
0.9400000746627439	2186308.8	131103140.0
0.9410001120046284	2141167.9	131036320.0
0.9420001372343466	2166992.6	130940660.0
0.9430000136139224	2198630.2	131022470.0
0.9440000758657334	2193056.9	131081930.0
0.9450000985054288	2148092.7	130739160.0
0.9460000541092359	2208823.0	130938530.0
0.9470000998306064	2201911.2	130796690.0
0.9480000928373921	2201724.8	130832030.0
0.9490000050964034	2195626.6	130741440.0
0.9500000424382878	2225261.3	130698560.0
0.9510000054312782	2246538.8	130633080.0
0.9520000603700832	2206089.2	130567960.0
0.9530000570333719	2242761.2	130543100.0
0.9540000047147559	2224778.9	130601510.0
0.9550000140234507	2231454.3	130451290.0
0.9560000435190892	2260514.4	130341590.0
0.9570000488665724	2269666.9	130477900.0
0.9580000389024494	2261323.9	130058310.0
0.9590000744160824	2277734.6	130293590.0
0.9600000704699538	2252217.0	130191010.0
0.9610000800833572	2313414.9	129985910.0
0.9620000703477657	2269677.4	130100650.0
0.9630000489570709	2309694.7	129893350.0
0.9640000792144807	2296780.7	130018860.0
0.9650000228584761	2296461.4	129878630.0
0.9660000374995711	2336369.2	129912360.0
0.9670000573968892	2331922.1	129798160.0
0.9680000852166304	2300876.3	129666770.0
0.9690000472193179	2354771.2	129651500.0
0.9700001183076777	2357489.9	129367710.0
0.9710001250263497	2328157.2	129338180.0
0.9720001426383533	2360531.5	129005260.0
0.9730000622865478	2370961.9	129091510.0
0.9740000315260641	2365347.7	128698970.0
0.9750001085562413	2375104.6	128548280.0
